0.11134373267258774, 0.05322943850752487
0.10748465226313292, 0.047303244139202325
0.1059763142317, 0.04522432668946563
0.1053076661692697, 0.04164076115548799
0.10506228426439744, 0.041733399815717304
0.1050730509913553, 0.038901653795619454
0.10525601822785563, 0.03757936245065451
0.10556331062216774, 0.037405060577396634
0.10596514442789681, 0.037396435167769415
0.10644190366822087, 0.03828493439266562
0.10697903096230194, 0.03876321149778558
0.10756501964698582, 0.03840595768695827
0.10819105715443424, 0.03718897756320528
0.10885090675316282, 0.03780222896488603
0.10953735080706417, 0.036896990246340515
0.11024510899905518, 0.036735609119625694
0.11097114713022514, 0.03745547462458873
0.11171133310596595, 0.036519235123266214
0.11246161249501904, 0.03632065382368797
0.11322019642393913, 0.038031084110893426
0.11398499531403078, 0.038743157153010854
0.11475285206055248, 0.03943393847206565
0.11552293147808963, 0.038766929626743545
0.1162938090491159, 0.039464894101950185
0.11706481728051933, 0.03922545614352996
0.11783480952925876, 0.04019358333831736
0.11860264883004798, 0.03889055231973017
0.11936799012992994, 0.04035465233378752
0.1201300693897999, 0.04144513940518659
0.12088882570347713, 0.04234305303156268
0.12164370364618998, 0.04202464484725738
0.1223939533002449, 0.042144128248956525
0.12314098355366612, 0.04261151946599027
0.12388353339981159, 0.04309814720785034
0.12462187713879215, 0.04280899057559772
0.12535510480594267, 0.04381991550150131
0.12608448188157373, 0.0437775893568361
0.12680890288092878, 0.044043953428835096
0.12752919002768176, 0.044465500658663844
0.128245768996462, 0.04507457553269105
0.12895771257967012, 0.04430140851435546
0.1296656649557861, 0.044736152379972624
0.1303688765610362, 0.045583287549531025
0.1310683480894569, 0.0468380510122164
0.1317640667663411, 0.04524048934237772
0.13245686632494227, 0.04643536878270704
0.13314540017853957, 0.04677510882988933
0.13383006050001123, 0.04642457938853041
0.13451069928753867, 0.046969385705491626
0.13518779075635204, 0.04717933402986941
0.13586126186782388, 0.04772632359557918
0.1365314909360193, 0.04808293079922019
0.13719748268923104, 0.04850290913964416
0.1378614639880721, 0.048476532810510106
0.13852108470843374, 0.04848312334268536
0.13917783039550288, 0.04977030974317844
0.13983156153936424, 0.05033249732807576
0.14048169551897266, 0.05063819971890445
0.14112906259534216, 0.051156673926948684
0.1417733263723937, 0.051277304327526266
0.1424148345493842, 0.05190308112068583
0.14305302347069035, 0.052020623150600194
0.14368861355055948, 0.053185457554622145
0.14432207565672323, 0.053224508074515925
0.14495209206559276, 0.05478050226229358
0.14557941214070133, 0.05530017265062189
0.1462039713468756, 0.05559852544602044
0.14682601572273296, 0.05636143871492269
0.14744501301376306, 0.05636738497483265
0.14806171472830384, 0.055945311962117425
0.14867515938159515, 0.056112177080902506
0.14928591247783013, 0.056017295868472074
0.1498941924583456, 0.057136386443006906
0.15050021519838247, 0.05805677722131061
0.15110404269646782, 0.0572830580695949
0.15170539967755578, 0.05774401084805521
0.1523042745501907, 0.05730970990987419
0.15290038006625617, 0.05836040581575843
0.15349497074238339, 0.05827446362088647
0.1540874478125512, 0.058331287301319465
0.15467781734986943, 0.059573364742433965
0.15526548789879385, 0.05931359124716171
0.15585082735529476, 0.0592743153948372
0.15643361375876305, 0.05937186022080894
0.1570141714513293, 0.0595482826369945
0.15759234005519399, 0.06002830787755014
0.15816863224261637, 0.06027513347302287
0.15874314485649585, 0.06061041464011332
0.15931588852234138, 0.06030136875922551
0.15988643383180878, 0.06050134072722227
0.16045512472461135, 0.06149295560214386
0.16102126480644974, 0.06240761697387208
0.1615847515837796, 0.06314352114156062
0.16214678895532056, 0.06275818838114966
0.162706608555859, 0.06330778093910286
0.16326437185901255, 0.0634661470614594
0.16382063423048174, 0.06300579472431099
0.1643750757421198, 0.0632620374384816
0.16492771856674598, 0.06301468425899989
0.16547803787896598, 0.06362766441200014
0.16602721607269144, 0.06438037020444
0.16657469620536178, 0.06435509323930523
0.16712040717297452, 0.06484645835599646
0.16766382715405087, 0.06572318509032864
0.1682060016048945, 0.06579829962761032
0.1687465154090356, 0.06593310604742779
0.16928535769581673, 0.06537602568826657
0.16982264152507337, 0.06580722434639562
0.17035796688852142, 0.06673870696903482
0.17089193537623204, 0.06639321239467366
0.17142419282010915, 0.06583005520377454
0.1719543265999444, 0.06587375094691394
0.17248288814348686, 0.06655323318074975
0.17301002527687964, 0.06551017985242873
0.17353533390868944, 0.06623149467635726
0.17405866014141477, 0.06636148999975557
0.17458136865685317, 0.06638542236269881
0.1751018272139683, 0.066648305903169
0.17562086059584106, 0.0664555765778696
0.1761393667984472, 0.06725073970356792
0.17665567552008007, 0.06728278612958453
0.1771706364237521, 0.06757985088687413
0.17768399988443448, 0.06804468038035663
0.17819607635052553, 0.06904665961057574
0.17870630981997548, 0.06960707731429248
0.17921485832906942, 0.06916033082862492
0.17972181526585818, 0.06892490347391476
0.18022721796466076, 0.0690935043054483
0.18073156597554454, 0.0683906038202222
0.1812344502326868, 0.06987668255889934
0.18173646143170522, 0.06928813744545946
0.18223681534182656, 0.06976464694001357
0.1827355446098162, 0.07071756755328551
0.18323302347819806, 0.07106051122771757
0.18372891288361443, 0.0704233394864906
0.18422378851291857, 0.07124951674725502
0.18471673360047194, 0.071435142216827
0.18520845186358173, 0.0712160862744391
0.18569905062031877, 0.07175803098048443
0.1861881685893686, 0.07194355111760872
0.1866760955254803, 0.0726639744280839
0.18716325332747868, 0.0742791060350083
0.18764863951998156, 0.07366046632238307
0.18813307028792303, 0.07385083051558568
0.18861598176445035, 0.07409263704942658
0.18909737397469525, 0.07541596904891391
0.18957752436043177, 0.07624989790095223
0.19005710355660785, 0.07736895002618863
0.1905352974476784, 0.07739984722539325
0.19101241414643336, 0.07749966479910848
0.19148782243761403, 0.07717849603844021
0.19196248130943463, 0.07692709986558272
0.19243549531083728, 0.07745422370503206
0.19290769541227804, 0.07764851393470225
0.19337892754936128, 0.07899132717787065
0.19384886959474193, 0.07914550129287026
0.19431770559681313, 0.07943039141083119
0.19478519314185574, 0.07937695850280439
0.1952519938643176, 0.07925848567127045
0.19571747071092474, 0.07882608144917974
0.19618213320475736, 0.07831736446591578
0.19664529493098676, 0.07888901164983136
0.19710726302774806, 0.07897598214187755
0.19756860422502834, 0.07935799392690812
0.19802887899387586, 0.07975078687410202
0.19848825531175485, 0.07944043052440936
0.1989463814033713, 0.07935328436197793
0.19940307410557734, 0.07952943667999195
0.1998595318493272, 0.08014425514822282
0.20031418412483398, 0.0795666590967087
0.20076826375396328, 0.08066908934559158
0.20122085637973267, 0.08162377831454216
0.20167273031685495, 0.08224328099546782
0.2021235700760523, 0.08266351318008398
0.2025733251431309, 0.0825753105982013
0.20302191833592786, 0.08285128420852768
0.20346982552670387, 0.08256630740808697
0.20391636336992985, 0.08278383449450308
0.20436224218164056, 0.08293683264010059
0.20480722456289235, 0.08287099244601255
0.20525105813832878, 0.08347367131661834
0.20569431108576564, 0.08342372698833704
0.20613622442094146, 0.0845400648950937
0.20657771687139556, 0.08532520435275703
0.20701768924020283, 0.08463371230297576
0.20745673722089958, 0.08517457587772441
0.20789468797402494, 0.08448981375376545
0.20833203384790333, 0.08535092845331389
0.2087686575796956, 0.08449691847046754
0.20920430093138906, 0.08484419541583113
0.20963911636343327, 0.08498832844590129
0.21007320693541906, 0.08562488216500226
0.21050589133563583, 0.08418096448946914
0.21093787958631458, 0.08549576057466815
0.21136900948719717, 0.08642894680915433
0.21179959400268378, 0.08631815693523283
0.2122289556806138, 0.0873861716254679
0.21265738909464385, 0.08744014287199871
0.21308499251556615, 0.08799086750016775
0.21351172333927596, 0.08885192273191951
0.2139376642987404, 0.08884681872938358
0.2143624288007795, 0.0888162515948379
0.21478654964386534, 0.08971443501139362
0.21520983289461265, 0.08921409002102292
0.21563245324615316, 0.08984720509872121
0.2160544434113342, 0.08944339435677744
0.21647523092224058, 0.08969267908661664
0.2168953374800213, 0.09037755501715392
0.2173142475185281, 0.09022516737650865
0.21773234261885654, 0.09097215582089802
0.21815021239982335, 0.09093857459548675
0.21856714910995967, 0.09128930142540266
0.21898317540843532, 0.09184087649937317
0.2193986305404221, 0.09137055470378479
0.21981292390795687, 0.09114930098222515
0.2202268964469898, 0.09046484288916587
0.2206397029616666, 0.09119669205718929
0.22105153033490124, 0.09123663985637559
0.22146300531838867, 0.09081605842851888
0.22187369684763908, 0.09081443989240322
0.2222833846165809, 0.09097533164045289
0.22269224856989622, 0.09051329832323708
0.22310080548688804, 0.09115349457073446
0.22350861869203706, 0.09130013521318048
0.22391578965663972, 0.09120666133256343
0.22432193921495583, 0.09122767399521764
0.2247275245260928, 0.09114844214019571
0.22513200125062977, 0.09115733134207935
0.2255357829918785, 0.09157118589209556
0.225938663300019, 0.09186013360649456
0.22634063737648902, 0.0915179864814674
0.226742497725487, 0.09133820330303075
0.22714320239924252, 0.09135233966605212
0.22754326544282538, 0.09093721519497275
0.2279423765754129, 0.09146780275436084
0.22834122320662456, 0.0921612789782715
0.2287388782745617, 0.0923855211970051
0.22913668250281868, 0.09330947783824163
0.22953355485250498, 0.09294229700272517
0.22992971830753778, 0.09300533938137702
0.23032506197301775, 0.0924977367599351
0.23071951635824245, 0.09293431443112223
0.2311133916203089, 0.09315382848319241
0.231506590972343, 0.09374731802644648
0.2318991355616299, 0.09440268760415348
0.23229128130829899, 0.0943426898030625
0.23268274668990166, 0.09511557821695842
0.23307340721835262, 0.09556802869622004
0.2334636880047836, 0.09658565110778314
0.23385299424491798, 0.09740093783524861
0.23424205416275592, 0.09774830810371757
0.23463013896414553, 0.09798136424112172
0.23501773063480716, 0.09798644626729801
0.2354046775677231, 0.09760332052128479
0.23579033361052912, 0.09772112147184217
0.23617598846415658, 0.09763491377611126
0.23656099817995604, 0.09727626536988772
0.23694522222824185, 0.09726943582857298
0.2373288796190637, 0.09775296001794569
0.23771199996398448, 0.09809429161516714
0.23809440240099333, 0.09918113593072256
0.2384761674951684, 0.09862173201797482
0.2388573739259294, 0.09779533048734809
0.23923799990468822, 0.09830143582754386
0.23961808945456775, 0.09920234331204524
0.23999701115930322, 0.10001137647031542
0.24037595176567333, 0.10033752243715044
0.24075395532045038, 0.09989968446536128
0.24113151955421966, 0.09882670936933942
0.24150863783089854, 0.09874240107373407
0.2418853599600622, 0.09943893720795632
0.24226124113113662, 0.09900637321687157
0.2426367403446099, 0.09868714112577172
0.24301116967275488, 0.09882142152522601
0.2433851467903453, 0.09876104807503877
0.2437587665673299, 0.0998181279698176
0.24413162126155333, 0.10058303515043811
0.24450394577525605, 0.10170445125317758
0.24487591143632229, 0.10132189242065297
0.24524723363261092, 0.10224468482635182
0.24561753716257698, 0.10313819796455222
0.24598756394402146, 0.1037630317758501
0.24635711180076814, 0.10539057802380682
0.24672622675179737, 0.10492666515647771
0.24709479468972684, 0.10487370418193272
0.24746224751493232, 0.10530511685266093
0.24782920470899064, 0.10511327291732823
0.24819607338936303, 0.1054238167398383
0.2485624390400987, 0.10485264398448721
0.24892822528632552, 0.10501218788280707
0.2492931407447254, 0.10523672765603842
0.24965781531636344, 0.10468852146090118
0.2500217308213809, 0.10521564922449599
0.25038518846550506, 0.10604468340051931
0.25074839168881263, 0.10676132206460177
0.25111116886910356, 0.10714406750997167
0.2514730880850253, 0.10644726036162622
0.2518346798974443, 0.10693699094439549
0.25219580074489467, 0.10741021942388533
0.2525560541161431, 0.10749307190128121
0.25291605705710446, 0.10751418252431275
0.2532754255241737, 0.10782416997654817
0.25363427291080937, 0.10813833650345743
0.25399294464038813, 0.10825622992196489
0.2543508540232813, 0.10825201544755726
0.2547084050871302, 0.10795126641948453
0.2550652284602987, 0.107821587640127
0.25542196174710885, 0.10803700376492177
0.25577794574187207, 0.107713051275224
0.2561335628250674, 0.10746420076654323
0.25648843253712755, 0.10769531105420085
0.25684262050246226, 0.10917636581786827
0.2571966412337662, 0.1093857484458678
0.2575499738700114, 0.108534093657028
0.2579030828182083, 0.10993052271924827
0.2582559265986192, 0.10972450461271088
0.2586080797819157, 0.1093228977742456
0.25895992693313147, 0.10978280375893104
0.259310905330541, 0.10970015459117123
0.2596616975055276, 0.11048280225161776
0.26001204854859183, 0.11071525492619186
0.26036177643917285, 0.1104779128563661
0.2607111144381306, 0.11071392551519116
0.26105975928915076, 0.11074677100865278
0.26140813643571703, 0.11125577720658061
0.2617560905133734, 0.11213978333542568
0.26210352691716204, 0.1121609532457237
0.26245058323593584, 0.11241452734493469
0.2627971794953687, 0.11368910967555641
0.2631432412822959, 0.11369046927724046
0.2634888808074892, 0.11421927811048879
0.26383408535928976, 0.11510797535757761
0.2641788454010512, 0.11509866973213324
0.26452343656150196, 0.11494972755301909
0.2648677603942229, 0.11467109903524696
0.2652113954169031, 0.11496200906536606
0.2655547224980216, 0.11485367829390253
0.2658977762171238, 0.11516846464568047
0.2662401913237603, 0.11580293630921731
0.2665819263495186, 0.11649683009260171
0.2669232000469431, 0.11561214642796026
0.2672640281982433, 0.11524452771732123
0.26760463403498735, 0.11586692575679396
0.2679449730304046, 0.11581663949766953
0.2682844974686067, 0.11557903620295862
0.26862380323799845, 0.11514050850373626
0.2689625440741161, 0.11489763587181687
0.2693008653456616, 0.11488123863040645
0.2696387493147276, 0.11419327429792109
0.26997625676228265, 0.11458602449358961
0.270313355958918, 0.11497976895468202
0.270650017485627, 0.11547130461128245
0.2709860641184951, 0.11508680847084492
0.271321572843655, 0.11542283366326168
0.2716570817082078, 0.11518737299033142
0.2719919115419445, 0.11538748326740349
0.2723264374614938, 0.11608064279825223
0.272660440668225, 0.11642657224187414
0.2729941455044825, 0.11689208268506006
0.2733271350302121, 0.11715369190515737
0.27365981660221705, 0.1184451970926487
0.27399241815851477, 0.11881638509317227
0.2743244771779289, 0.11959907802384367
0.2746561065484443, 0.12020314470711721
0.27498722849395363, 0.12034752031708248
0.27531815836325113, 0.12110843106702351
0.2756484301947286, 0.12167246838288807
0.2759784340978713, 0.12227677595762705
0.27630818907714133, 0.12199026341616281
0.2766372973783404, 0.1220834296232466
0.2769661403808677, 0.12263444434790635
0.2772945482200655, 0.12317831782704192
0.2776224699107292, 0.12323105794977597
0.2779501168171337, 0.12253184913786584
0.2782775521608289, 0.12220300539619987
0.27860446491692953, 0.12209541904989771
0.2789307994346693, 0.12258678241896244
0.279256808381999, 0.1222042610332476
0.27958261550836316, 0.12338089886293395
0.27990765881455, 0.12403531860922615
0.2802328617143823, 0.1244117711702891
0.2805572436265549, 0.12542281216695414
0.28088137571421107, 0.12549639848476418
0.2812051722499941, 0.12575387598433477
0.28152863641952125, 0.12570553306704052
0.28185169364322504, 0.1259570886351339
0.282174478909351, 0.1270003059519018
0.28249693753799965, 0.12653583981952912
0.2828189936189888, 0.1274183723186928
0.28314033249721526, 0.12676808279982887
0.28346167981380627, 0.12669252248062798
0.28378269873134576, 0.12691276057825146
0.28410319065964673, 0.1266853338515802
0.28442342020526407, 0.127019476715722
0.28474290255927426, 0.12810591123617338
0.2850621103575649, 0.12892769658755218
0.2853810076287411, 0.1290210436398561
0.2856997682072574, 0.12872189645708645
0.2860178962563826, 0.12907428095495205
0.2863357615529355, 0.12878391663811792
0.28665321555996454, 0.12819278601474232
0.28697054699379976, 0.12841765347817108
0.28728732222206377, 0.12831747999996793
0.2876039135396595, 0.12862237440070773
0.2879201317701527, 0.12862538230294726
0.2882361744957002, 0.12910891749768633
0.28855167352091593, 0.12912285749938981
0.2888669147021258, 0.12968784780574477
0.28918160505107066, 0.12955451021751008
0.2894959980153207, 0.1303235015428453
0.2898101427532216, 0.1307756935009549
0.29012404299119454, 0.13046857653145383
0.29043734853334296, 0.13028279343844318
0.29075044232539243, 0.1301766615610267
0.2910629996968232, 0.13047682524546056
0.2913756003423682, 0.13100641862577572
0.2916879071483326, 0.13280832264600914
0.2919998317211522, 0.13297417763042554
0.29231122827810163, 0.1323014480550781
0.29262246569021033, 0.132627621193115
0.29293324226398154, 0.13323174259195927
0.2932438634100828, 0.1329924432815924
0.2935542328795843, 0.13288036415062937
0.2938642146953671, 0.13269968589419207
0.29417366636175707, 0.1333276653385498
0.2944827013906828, 0.13345308429750663
0.29479154150904735, 0.1338315660781053
0.29509996660141996, 0.13318405135161565
0.29540826582128377, 0.13347353318689512
0.29571621269130083, 0.13299168236097617
0.2960238385758902, 0.13343766579364738
0.29633102692650337, 0.1335589837714085
0.2966380366362656, 0.132944117868421
0.29694465060883357, 0.13333924518143514
0.2972509463955969, 0.13400802926450076
0.2975568036518099, 0.1340798399276244
0.2978625963996412, 0.13447102039813635
0.2981679744124668, 0.13408977886409362
0.29847295874920426, 0.1340808623830641
0.29877809482557655, 0.13429206688856907
0.2990824371268895, 0.13441519586992823
0.2993867674645001, 0.13408733369046014
0.2996906130358607, 0.13447431535305865
0.2999939285581262, 0.1347493068465356
0.3002968999306192, 0.1355779395228875
0.30059981228507404, 0.1357357013401464
0.3009021069555045, 0.13497950445725793
0.3012042286153574, 0.13462076962579242
0.30150646777555384, 0.13497433939778042
0.3018083485117277, 0.13564479037951402
0.30210984147972586, 0.1367289278863759
0.3024109279797859, 0.13813374454922883
0.30271205924958045, 0.13854337702888364
0.30301274629423275, 0.138463535969302
0.303313063514817, 0.13891020666939355
0.3036130247472688, 0.13955239146544854
0.303912543578781, 0.13955715962746118
0.30421179531827147, 0.14063389259253614
0.3045109047401383, 0.14151723183426937
0.3048096286393008, 0.14138434482807968
0.3051081049079666, 0.14198628027495572
0.30540635710557, 0.14207651423684625
0.30570385575826214, 0.14225917794485587
0.3060013957340829, 0.14219911701937452
0.30629885349264696, 0.14202859192314563
0.30659577724147724, 0.14193831513351537
0.30689225364692785, 0.14240972307282565
0.3071884425657592, 0.14169095190671566
0.3074844038773538, 0.14238300784990124
0.3077801748890973, 0.14252939148186589
0.30807609131019964, 0.14241811091149834
0.30837129714304157, 0.1417612412654082
0.3086662062176663, 0.1421614128883623
0.30896109219949497, 0.14195435919548935
0.3092554472628988, 0.14187271387119177
0.3095496237137445, 0.14250384114009262
0.3098433435534586, 0.142688784100756
0.3101369091322126, 0.14388718312768378
0.3104300623489792, 0.14305142299119897
0.31072299707050993, 0.14316617907696805
0.31101567222720583, 0.14341919845918097
0.3113082350073014, 0.14380161653091442
0.31160036527452317, 0.14337406968583527
0.3118921622109905, 0.1437324418237253
0.31218368238263644, 0.1441692180179947
0.31247489387088834, 0.14511518023349976
0.3127661244101187, 0.1454550174941758
0.3130567149987628, 0.1452345880313358
0.31334751580185266, 0.14520525852801505
0.31363773077235335, 0.14606710754678345
0.31392780462235526, 0.1458766572548616
0.3142175167575312, 0.14594391396210626
0.31450695184330335, 0.146334471295802
0.3147963802400922, 0.14550079310970185
0.3150853323681489, 0.14573584412044932
0.31537414789456497, 0.14628989922552627
0.3156627656665524, 0.14568836749434294
0.3159509876150122, 0.14573624816696806
0.3162390274341631, 0.14690636715854535
0.3165267208792538, 0.14746911910992108
0.3168140109335119, 0.14702407136188478
0.3171012347277943, 0.14720195924427804
0.3173879804058915, 0.1475810926628758
0.3176743571208038, 0.14740095448295273
0.3179606205353974, 0.14745685151944707
0.31824658997616007, 0.14689079165534202
0.3185326590283915, 0.14678378494579175
0.31881824738717784, 0.14657190106544282
0.31910361400842147, 0.14709420408891546
0.31938867534867454, 0.1468031798213403
0.3196736227028422, 0.1467046599096612
0.31995822478444635, 0.1469396003742274
0.3202424389062559, 0.14713397225026564
0.32052655611928815, 0.14697202444748722
0.320810568300049, 0.14759896161815617
0.32109415385410295, 0.14777861952163804
0.3213774758064546, 0.14834130803623397
0.3216606273081957, 0.14906805606540752
0.3219433969848753, 0.14797486273441388
0.3222260682171691, 0.14769390272633182
0.3225082867349082, 0.1475356671531076
0.3227903069470672, 0.14770945494733204
0.3230722091060224, 0.14801283300732665
0.32335378160354855, 0.14799442018179595
0.32363547949560695, 0.14784571218877038
0.32391676750428394, 0.14802446968337796
0.32419766326197597, 0.1478859162539438
0.3244783386172418, 0.1482316420969305
0.32475869390676315, 0.14813926002512276
0.3250387049674248, 0.1484885014669763
0.3253189964883379, 0.14807807237991005
0.3255988608510455, 0.14796042975711263
0.325878212952861, 0.14891912491009565
0.3261575656865598, 0.14921526200626278
0.3264365880308902, 0.14949169495493045
0.32671544519843254, 0.14966549460003983
0.32699384505314544, 0.15015213612520167
0.32727199694457415, 0.14996632926135586
0.3275499883919183, 0.1501737731665627
0.3278275020639193, 0.15096369518771258
0.32810489972930384, 0.15109321839309078
0.3283821565320444, 0.1511394987449636
0.32865905748879276, 0.1518112773488039
0.3289358140802196, 0.1521095269607835
0.3292123360791101, 0.15276240557674606
0.329488823328964, 0.15236830052866435
0.32976501379035, 0.1529860808611031
0.33004096372794406, 0.15400806592774163
0.3303165359799094, 0.15363761371756746
0.33059205160741184, 0.15317934693929044
0.3308668952047058, 0.15391640754246655
0.33114163781764977, 0.15459488751408493
0.3314162149140551, 0.15410828898126216
0.33169059544109314, 0.15452614768154188
0.331965060586323, 0.15500094838484252
0.3322388679925744, 0.15514428902155486
0.3325125125469395, 0.15550750116428705
0.332785787330754, 0.15432248663901674
0.3330590309361403, 0.15500284534335368
0.33333227390711856, 0.15489213383551492
0.3336052868029759, 0.15540880573953736
0.33387797625093446, 0.155610456252094
0.33415032589967025, 0.15537092028097804
0.3344224177783299, 0.15554655136746623
0.3346941825879404, 0.15448147605045204
0.3349661568755718, 0.1548651187832976
0.335237692237671, 0.1550731535680682
0.3355092147586282, 0.15469581487039133
0.3357804938727616, 0.15437249592619728
0.33605161735367545, 0.15577305429550137
0.33632238740850695, 0.15595975641568918
0.3365929192941218, 0.1554464258972121
0.3368631322642019, 0.15459198420836992
0.3371332259262545, 0.156018475251816
0.33740294387444963, 0.15527037718479134
0.3376724920975127, 0.1553544727308436
0.3379419076409455, 0.15513345619273777
0.33821135674971126, 0.15579868590081578
0.33848053942767437, 0.15587677680720105
0.33874935989083993, 0.15587576428610375
0.33901799000656985, 0.15659056044754166
0.33928633289495963, 0.15727803802215093
0.3395546293351408, 0.15734333242282483
0.3398225213583819, 0.1573244811310193
0.34009022172727554, 0.1575093650073215
0.3403577781028197, 0.15749254749061373
0.3406249116107882, 0.1578620488133588
0.3408923725159375, 0.15761470863600768
0.3411592642660247, 0.15772996287285052
0.3414260163683469, 0.15750744948054407
0.34169245553179534, 0.15776576120607003
0.3419586499744577, 0.15820122169787093
0.34222487755974246, 0.15820662188521947
0.3424907885728398, 0.1583943622376012
0.34275661578344035, 0.15865275380181254
0.3430220573029499, 0.15823087842471076
0.34328712603906264, 0.15841027299965404
0.3435520872121269, 0.1593213045535115
0.3438166010797453, 0.15897943748094986
0.3440811957379777, 0.158834856751853
0.34434557899397616, 0.1591796481906552
0.3446097570743928, 0.16014338544900114
0.34487388642635824, 0.16047826424117684
0.34513770571779034, 0.1603527477945102
0.34540142372902494, 0.15975936903488294
0.3456649694571191, 0.15926970366359225
0.34592824539166495, 0.15875049154017043
0.3461914109652903, 0.1589868835075149
0.34645427056584327, 0.15878592546773526
0.34671703888075456, 0.15787492423717298
0.34697940439943886, 0.1575107985254155
0.3472415303077933, 0.15675071085966497
0.347503692136505, 0.1572502974220745
0.3477653950194045, 0.1564178613089192
0.348027018976992, 0.15640509177313744
0.3482882469832306, 0.15668920839647862
0.3485492655495699, 0.15659360923381216
0.3488099661284413, 0.15674494391630048
0.3490707910370642, 0.15719248094623248
0.3493316137179532, 0.15670407733658187
0.34959202043480486, 0.15648127101195938
0.34985223187011727, 0.156960310520445
0.3501121308098648, 0.15699796248627726
0.3503721932408758, 0.1572789070845858
0.35063173287904287, 0.1569578790754452
0.35089101934673017, 0.1570688055853686
0.3511501406003751, 0.15737856144858442
0.3514091072550601, 0.15852203595750208
0.3516680391221634, 0.15840130430631072
0.35192684578992545, 0.15893834154194286
0.3521853293426003, 0.15940442902340352
0.3524436911205094, 0.15918404062817929
0.3527018191199707, 0.15814033292045143
0.35295967937609946, 0.15831868292822207
0.3532173561352708, 0.1591486385454954
0.3534750964766797, 0.15913370747375236
0.35373218184877236, 0.15946609606911116
0.35398902585688496, 0.15989100869842768
0.3542458217705779, 0.15992026243222526
0.3545027956590166, 0.16016180326609386
0.35475930454284704, 0.1604016243973848
0.35501542880671316, 0.1599393310516048
0.3552717134469243, 0.16007488148581506
0.35552771007168804, 0.1598610175764702
0.35578343061059464, 0.15993211772417182
0.35603902208316357, 0.1596627650904992
0.3562941787294228, 0.1599179334111917
0.3565494118000332, 0.15896252296795071
0.35680464846882515, 0.1600885976465288
0.3570595341872134, 0.15988772604694912
0.35731446616314677, 0.15973258408106902
0.357569068242601, 0.15983277839960752
0.35782360230636456, 0.1601975242138361
0.35807771141077827, 0.16055574252351826
0.3583319615668811, 0.16080039746800512
0.3585859692587696, 0.16139286810798023
0.3588397413207373, 0.16138674222681462
0.3590932383144518, 0.1617520609874623
0.3593465900161228, 0.16191305909192674
0.3595999581643569, 0.1621333351039186
0.359853023374546, 0.16265348751721415
0.36010599749580663, 0.16288597494881255
0.36035868848906555, 0.16313622093921926
0.36061134786020355, 0.1631770092007462
0.36086379041270333, 0.16374180691304593
0.36111590936486354, 0.1630955797451843
0.3613678578714956, 0.16436814430908728
0.3616196818537391, 0.16372196675300868
0.36187115462459, 0.16457260865248663
0.3621226007519252, 0.16502024575817564
0.36237388103148094, 0.16421973667029044
0.3626250693583603, 0.16440348908775676
0.36287598364274076, 0.16545874231333624
0.36312664795948485, 0.16545789498496286
0.36337730230094745, 0.16453294489683587
0.36362776299312394, 0.16494908278986803
0.36387797512070763, 0.16495084358818934
0.3641280950119057, 0.16448712062938897
0.3643781247615526, 0.16569399704921758
0.3646277432070736, 0.16542963902805324
0.3648772663582973, 0.16534404535196223
0.3651263748373244, 0.16515122055334447
0.36537546965833595, 0.16454792349022782
0.365624530785524, 0.1640787002853058
0.36587320244557514, 0.16485556287062705
0.3661219594089893, 0.165293842654814
0.3663701876763235, 0.16489640148988635
0.36661828054623125, 0.16549641560749329
0.36686628766684165, 0.1649673682597933
0.3671141916574655, 0.1646667543000726
0.3673619833830423, 0.16414957283176818
0.36760950559293054, 0.16475730510322065
0.36785681160822425, 0.16469301084795626
0.36810400696732937, 0.16377953707755522
0.3683510448338442, 0.16366939561693036
0.3685979394611483, 0.16380395432830988
0.3688447197267621, 0.16321034735669837
0.3690913842534144, 0.16306866308452755
0.3693380021814588, 0.16265596198990975
0.369584349617005, 0.16261339940259123
0.3698304244791753, 0.1625630051975544
0.37007645034134967, 0.16276554879242636
0.3703223172554843, 0.16311375548968812
0.37056791297553177, 0.16266609209881616
0.37081340794327, 0.16263959335887945
0.3710585434193888, 0.16188943816872742
0.3713035745333953, 0.1624136856175352
0.37154852193039184, 0.16213698814752223
0.37179332416044936, 0.16139088769760487
0.3720379905572078, 0.1608884659383729
0.37228243674288386, 0.16145038800352998
0.3725267848541461, 0.16105925827616385
0.3727709870562867, 0.16186965488753924
0.37301508522450627, 0.16153065664288369
0.37325914457351067, 0.16150826233815704
0.3735027844261122, 0.16136358986459332
0.37374636429168934, 0.16098529478145018
0.3739899468838194, 0.1612059179026781
0.37423307294895475, 0.16186573944074917
0.37447620099946655, 0.16107565616710698
0.37471924819487584, 0.16170862908346093
0.37496210702325633, 0.16145682500754482
0.375204731945056, 0.1603720520065505
0.37544741392830366, 0.1599518722769395
0.3756897972669643, 0.1595550744044613
0.37593183068493297, 0.15989223571182076
0.3761739568496564, 0.15962801505644983
0.37641580598719154, 0.15872886806260172
0.3766574257971216, 0.1591715880419909
0.37689901978710655, 0.15871461236711695
0.37714018912902836, 0.15921711980918973
0.377381358401052, 0.1594734774794509
0.3776222990243988, 0.15978099287577802
0.37786329412199504, 0.16019063967503133
0.378104187898514, 0.16068099744669492
0.3783449920312744, 0.16056687710681078
0.3785855319334793, 0.1605578673224258
0.37882590815401657, 0.1607103575843858
0.37906606229805095, 0.16062766501474934
0.3793060715133728, 0.1610929596440214
0.3795459249698309, 0.16219359333541336
0.37978560163857567, 0.1625024786138104
0.3800251174633178, 0.16299638675130948
0.3802646847456242, 0.1633688073814726
0.38050393822911077, 0.1639973462895349
0.3807429659071945, 0.16339176512500928
0.38098201755738337, 0.1628764953170521
0.38122080186594554, 0.16315992369436083
0.3814595317556659, 0.1628656428286781
0.38169823212058246, 0.1632215609989586
0.3819366851944427, 0.16232352662417998
0.382174941072375, 0.1627368284469658
0.3824130752241505, 0.16226865042106212
0.38265103209280876, 0.16318635577953772
0.38288871832417914, 0.16364155425522556
0.38312638734212573, 0.16394360248538722
0.38336403483420595, 0.16395656728142016
0.3836012728733491, 0.16424365316348022
0.3838384910636279, 0.1643070984991667
0.3840753618044535, 0.16456732228269408
0.38431220405737676, 0.16567998340124426
0.38454885768495856, 0.16631603602873404
0.3847854137489445, 0.16689756930382707
0.3850218164292151, 0.16638992702696337
0.38525777718833737, 0.16743019719754762
0.3854940237666779, 0.16781278777254388
0.385729942517962, 0.16759235874369957
0.38596582659811396, 0.16720258689823872
0.38620149031973133, 0.1673145500602264
0.38643709852773345, 0.1677478097175044
0.38667265886114127, 0.16770390320276762
0.3869078385761025, 0.1676967346760182
0.387142852992877, 0.16773406861898782
0.38737776555404746, 0.1675881821025707
0.3876125455865021, 0.16812486037106567
0.387847364689327, 0.16786094291035955
0.38808219714244013, 0.16813959903672424
0.3883166278949705, 0.16802853292907471
0.388551060085942, 0.1675578971756525
0.388785067373745, 0.16806890790315296
0.38901894421189404, 0.16820792177606506
0.38925283249042353, 0.16830220559248854
0.38948632547259926, 0.16933756304276967
0.3897197315226967, 0.16992301417992645
0.38995305047203327, 0.16988977494629323
0.39018642550039956, 0.16877844262217853
0.39041944924764593, 0.16922283777622912
0.3906524546176376, 0.16912093747764087
0.39088559518462546, 0.16901808979751165
0.3911183706050576, 0.16816754300060452
0.3913508914558631, 0.16809239493151404
0.3915833344315129, 0.16875205752275818
0.3918155723790592, 0.16834234990669483
0.3920478006913437, 0.16834331123716634
0.39227991216872327, 0.16772396011207216
0.3925117831855264, 0.16820715032903136
0.39274374905235904, 0.16794776044069246
0.3929756021552994, 0.16817693835816935
0.3932071486199215, 0.1685463920579238
0.3934386612353701, 0.16787048934685
0.3936701541272213, 0.1682697985464226
0.393901323612313, 0.1683936324356031
0.3941323690699336, 0.1690272862062224
0.3943634882206184, 0.16900277087305918
0.3945941484082295, 0.1696514697373945
0.39482482585862133, 0.17008927995485254
0.3950554458091752, 0.17058425698035715
0.39528580621015036, 0.17024410243479396
0.39551586987380766, 0.17062754009313782
0.39574590425261286, 0.17134133644140453
0.39597592565539497, 0.17123054376838454
0.3962058621722897, 0.1711419152942069
0.3964358282954567, 0.17113093398939647
0.3966656070259196, 0.17235672329457968
0.39689519256725686, 0.17209363538353825
0.39712461713581454, 0.1723011349617233
0.39735353547727237, 0.1719885118755393
0.3975825221735005, 0.1714147350510223
0.3978113326752942, 0.17086587271484582
0.3980402675210439, 0.17061210979057195
0.39826889028706947, 0.17065115312415538
0.3984974615025155, 0.1709409804883242
0.3987258439169348, 0.17111899342634446
0.3989541424239121, 0.1711881326659914
0.39918226108400884, 0.1702966845191944
0.3994101585412766, 0.17034676917498753
0.3996379139255413, 0.17111154261776512
0.39986546434191694, 0.1713640746759429
0.4000928525341602, 0.17184746328637251
0.4003200194952917, 0.1722546323272598
0.40054717917428934, 0.17308435109999032
0.4007741447075066, 0.17289979514866488
0.40100097704992166, 0.17357407933853478
0.4012276306810078, 0.17392243045832417
0.40145426738961, 0.17295376002431082
0.4016809675016114, 0.17329376899748572
0.40190754246396043, 0.17367488948082813
0.40213386800036377, 0.1743156262286065
0.40236015520180185, 0.17443349632721794
0.4025861407286752, 0.17403395809349814
0.40281197235086186, 0.17450301373409535
0.4030375593301336, 0.1749619479752802
0.40326338038774706, 0.17439592707463447
0.4034890076357403, 0.17449382141918166
0.40371422886676017, 0.1750808193388094
0.40393940049735627, 0.17542297604311868
0.40416455102514487, 0.17543235845714877
0.40438956379899155, 0.17525457167628752
0.4046145989471789, 0.1756165890614321
0.40483943037289544, 0.17545511952815213
0.405064310362661, 0.17613009269842636
0.4052890531007115, 0.17593403814905725
0.40551367044116327, 0.17694739068368062
0.4057381906455414, 0.1768838760706502
0.4059625116683512, 0.17680028199903375
0.40618662129800825, 0.1767194292515425
0.4064105777651555, 0.17630099754128017
0.40663435252699154, 0.17630969828951004
0.4068580396642068, 0.1772257914573927
0.4070816666404168, 0.17776648557178176
0.4073050248681001, 0.178330731734112
0.40752858749595944, 0.17793419951609724
0.4077518921636344, 0.17885430491313267
0.40797509680013155, 0.17928718763239845
0.4081980534660612, 0.18003452256025168
0.4084209448524001, 0.17995110485219817
0.4086436994441736, 0.18025749020534754
0.40886654078047685, 0.18025965724732618
0.4090889852070525, 0.18026376955618376
0.4093114659758362, 0.18045253671106448
0.4095337855056553, 0.1803523589991276
0.40975619743158115, 0.18155870870677812
0.4099782486459679, 0.18221729585576762
0.4102002256905685, 0.182375475723813
0.41042201236242115, 0.18329389059641227
0.41064382858930154, 0.18401059861005423
0.4108655840351841, 0.18418700923404727
0.4110870144786312, 0.1853596622854077
0.4113082588825632, 0.18599338256486037
0.41152939121246473, 0.18562472315254194
0.4117505091434607, 0.18670182789236608
0.411971479519847, 0.1865630750810353
0.4121922467544887, 0.18661979989120966
0.41241279169133094, 0.18739650737187993
0.4126335302260634, 0.18656979146950098
0.4128541218198462, 0.18668525505581487
0.4130745129251614, 0.18619701574963343
0.41329469378141137, 0.18600254108263858
0.41351464216120826, 0.18644161821249272
0.41373453698999657, 0.1867457349401332
0.41395426229033794, 0.18675914738157426
0.41417415466476254, 0.18618353080017616
0.4143938626155457, 0.18616080827481923
0.414613377527531, 0.18647097049640657
0.4148329013350673, 0.18629406179549174
0.41505221906595724, 0.1863749302224538
0.41527131007006446, 0.1853697757472316
0.4154906995208918, 0.1859954027045504
0.4157098685655456, 0.1861760945510586
0.4159288638543726, 0.1864279186085512
0.4161474886158771, 0.18528602195066504
0.4163661053118872, 0.18458339266564847
0.4165845398081042, 0.18397865107599848
0.41680269686307175, 0.18286668193001923
0.4170208708116853, 0.1824516918620941
0.4172391588068487, 0.1832693804985236
0.4174570163222081, 0.18324277709574519
0.41767496895209466, 0.18292326724687158
0.4178929804972358, 0.18255793954295277
0.41811076894303817, 0.1825995659795326
0.41832811449353885, 0.1825238428773521
0.4185457218495684, 0.18323334279259337
0.4187631983448874, 0.18322471788229797
0.4189804612212947, 0.18358132980375727
0.41919775942441834, 0.18383120308854134
0.4194148423914708, 0.18379917416247057
0.4196319106900951, 0.18338829594716125
0.4198487809226959, 0.1842034947093969
0.42006553219562215, 0.1843354265036109
0.4202821175690529, 0.18424307006233598
0.4204987210562529, 0.18479003678820444
0.4207152706485632, 0.18498317992402954
0.4209318327753639, 0.18551983230626498
0.42114807983815167, 0.18536188851075097
0.42136426398190135, 0.18562503097242714
0.4215803646599395, 0.18633444277594607
0.42179619974905386, 0.18566158134877286
0.42201200352387574, 0.18494597252341446
0.42222762129031455, 0.18495890136247203
0.42244302516396265, 0.18497737115890273
0.42265840272967314, 0.18527924447555003
0.422873655514109, 0.18515432384743538
0.4230887763225332, 0.185733274997141
0.4233038816126518, 0.18659297184368298
0.4235188731671181, 0.18699115633638727
0.4237339663167287, 0.18768235193295862
0.42394867760480753, 0.1867251644542962
0.42416330338785185, 0.186047572062585
0.4243779101166021, 0.18621130025784985
0.4245925030192601, 0.18572679552892335
0.4248065375367433, 0.18505634393169892
0.42502072293452064, 0.18538561294233033
0.425234966493258, 0.18530718716956537
0.4254488842017076, 0.1852326886063101
0.4256626980949197, 0.18564737813427398
0.42587639913192665, 0.18636389926447003
0.4260901269381127, 0.18677241536395103
0.42630397823515476, 0.18707301015075836
0.4265173892857284, 0.18671549499136322
0.42673078480963017, 0.18714966960031346
0.4269440409821139, 0.1877356328293186
0.4271571985097601, 0.18736550967835433
0.42737044100429056, 0.18764649344981432
0.4275834788305233, 0.1879676842817599
0.42779637487280675, 0.187496450158205
0.4280091618086665, 0.1876701362295561
0.42822171924380914, 0.1881527500602273
0.42843420149064937, 0.18859876651874483
0.4286465294603843, 0.18808319665415021
0.4288587572553693, 0.18857521223980153
0.429070987209785, 0.1894419697033242
0.4292829994104463, 0.18972212927966225
0.4294951007260084, 0.18944724797544063
0.4297069718525543, 0.18973262780697936
0.42991883225066846, 0.1896438157541201
0.4301304490047813, 0.18953872401516342
0.4303419929063447, 0.18975787292715707
0.43055349792068953, 0.19020753304023183
0.43076475049459345, 0.19035141263460847
0.43097600451946105, 0.1902424221943158
0.4311871117620693, 0.1896695988318696
0.43139807587890233, 0.19003721805872334
0.4316090279067896, 0.18998407530339423
0.4318199014920999, 0.19026464061383083
0.4320305317438466, 0.19044095699968563
0.4322410987410257, 0.19085828434616176
0.43245176367483257, 0.19143287062843292
0.43266221411430983, 0.1911767848837805
0.43287248189490013, 0.19187041804774385
0.43308261865852954, 0.19194767692979467
0.4332925289059209, 0.19174959872002167
0.43350239664903784, 0.1917717289015853
0.43371225078278164, 0.19189054490082105
0.43392197298688273, 0.19319110276802517
0.43413160808424983, 0.19286804245790917
0.43434128084578566, 0.19333327818926058
0.43455070240634813, 0.19288201700179994
0.4347601082758006, 0.1936393706834559
0.43496950899450476, 0.19346319586445887
0.43517890998437064, 0.19325846282055886
0.4353880084938861, 0.19334105358259718
0.43559683466163707, 0.19370636332528815
0.43580564858099996, 0.1933242301597868
0.43601423201322564, 0.19289050199239816
0.43622284581051823, 0.1931635321750107
0.43643135509062925, 0.1926097389225303
0.43663981061034884, 0.19254087950736187
0.43684796089264427, 0.19353117583376764
0.4370562481498286, 0.19379289063518212
0.4372645541595227, 0.19344367773139817
0.4374727832662301, 0.19285143746703023
0.4376808277462391, 0.1943288328795011
0.43788874079927387, 0.19418015405932795
0.43809671391839633, 0.19436002589030846
0.43830437350605395, 0.19485145376859833
0.438511965631891, 0.195135071821259
0.4387193636299878, 0.19580235307376107
0.43892669190390765, 0.1956897485242084
0.4391340278561937, 0.19492571725123356
0.4393411780064738, 0.19566296705081287
0.4395482892303761, 0.19546870507861272
0.43975536521185904, 0.19497497946379802
0.4399624286962063, 0.19523000655022443
0.44016927120257526, 0.19514333096842962
0.4403758434510837, 0.19478896969854312
0.44058249691512713, 0.19521269648627532
0.4407892346324536, 0.19518303384489105
0.44099559345809464, 0.19431684910635214
0.441202062178884, 0.19455259746013898
0.44140839536549414, 0.19583449266046593
0.44161453093121084, 0.19564437840878715
0.4418206891913989, 0.1956832140174755
0.4420267172873967, 0.19555251602276463
0.4422329052117487, 0.19556906955271455
0.44243879503974093, 0.1951569851234053
0.44264458125474404, 0.19573594364637734
0.44285020579769685, 0.19563988890430686
0.4430559962428623, 0.19577245389408177
0.4432613165118815, 0.19607470224049037
0.4434666352033119, 0.19639383400205318
0.44367197221800403, 0.19624657294138365
0.4438770440478835, 0.19596236916249934
0.44408213483384856, 0.19620483226194027
0.4442872010870816, 0.19678433482121524
0.44449190699246877, 0.1969797847726788
0.4446964749918097, 0.19663621292648298
0.4449009753533076, 0.19671942877388907
0.44510570382646214, 0.19687883763886607
0.4453102048069636, 0.1977157651424183
0.44551487512034726, 0.19738439377336622
0.4457193474495857, 0.19693546037300536
0.4459236745549162, 0.1976340432380577
0.44612768357713845, 0.19694921883595318
0.44633177444450123, 0.196177436761626
0.4465357963373852, 0.19689544936384654
0.4467396288487542, 0.1970359135941415
0.4469431070701105, 0.19715592865785234
0.447146677054269, 0.19761751504894126
0.4473502164017893, 0.19821740972887547
0.4475536267741172, 0.19821404608250962
0.44775690184154604, 0.19868411549192025
0.4479600360648757, 0.19851432849002762
0.4481631293756249, 0.19921946180235484
0.44836616140136837, 0.1999647333491491
0.4485692118392742, 0.20069389342249105
0.4487721059981358, 0.20039488278774825
0.4489750477208723, 0.20088370491512503
0.44917767238279843, 0.20037627794564936
0.4493801535821987, 0.19982795835431844
0.44958279036180415, 0.19916566677451888
0.4497852405961519, 0.1994254235097479
0.4499875530621044, 0.1994128242861896
0.4501897538215618, 0.19949626623696118
0.45039195425180084, 0.199000974735529
0.45059413373554175, 0.20031571145550636
0.4507960600554932, 0.19978269291555445
0.4509978188751441, 0.20038151529832454
0.4511995995208118, 0.20067328348649455
0.4514012032250632, 0.2014751703392363
0.45160294914610666, 0.20236151413239453
0.4518046564934395, 0.20270241485350013
0.4520060383315523, 0.203357655870587
0.45220731530642894, 0.20363923814268464
0.4524084761753804, 0.20384449684702238
0.45260973008267563, 0.20343544120823828
0.45281075226207207, 0.20400129304153425
0.45301170840185473, 0.20404451155749814
0.4532127521092429, 0.20335013671492097
0.453413620814866, 0.20354948127317257
0.453614374644182, 0.2046201131746398
0.45381482074742696, 0.20432255331852284
0.45401552339671186, 0.20410103508709637
0.45421586416230364, 0.20408671973295914
0.4544161828141863, 0.20415083643184864
0.45461639477438576, 0.20399557250691078
0.45481639405574215, 0.204373317256197
0.4550163889602054, 0.20343949311760562
0.4552160969111561, 0.20370026120396778
0.4554157303882441, 0.20377874406534632
0.4556153776522114, 0.20400980683244554
0.4558147936931855, 0.20414177317828053
0.4560140907551319, 0.20326582094392634
0.45621366227612536, 0.20379578530763992
0.45641312961598884, 0.20472070232971187
0.4566124169273147, 0.2051024651431231
0.45681178879172585, 0.20546770033574316
0.45701095166300937, 0.2042571695434989
0.45721006761582206, 0.20433397904730846
0.4574091413176364, 0.20350886867308435
0.45760815583185743, 0.2030899162514421
0.45780694304518244, 0.20370101271085866
0.45800559795448087, 0.20354882181180234
0.45820431843168696, 0.2038123257889525
0.4584028503477791, 0.20311402070268772
0.4586014177348114, 0.2030425470642352
0.45879969276891186, 0.2037793861700808
0.45899812985500127, 0.20435989105213642
0.4591963978559021, 0.20480775346462565
0.45939438713486985, 0.20502066230988195
0.4595924092399172, 0.2048031241182169
0.45979035550531505, 0.20604431953514904
0.4599881771040024, 0.2051200616028538
0.46018618285417323, 0.20466556217878493
0.4603839754876004, 0.2052730889012391
0.4605815423073563, 0.2058082260666122
0.46077905126094243, 0.20613251468732396
0.46097654257769133, 0.2061354996983702
0.46117388711564544, 0.20570980360218868
0.4613713330218604, 0.2060204899516629
0.46156860371406294, 0.2060886030548623
0.46176572346711087, 0.2065441096742729
0.4619626218236107, 0.20685776167833322
0.462159668580791, 0.20700336290955645
0.462356566943727, 0.20684598292229614
0.4625531804498648, 0.20800028903911585
0.4627500086488929, 0.20891557526092516
0.46294669235392094, 0.20842666817285035
0.4631433234937459, 0.2079806048251358
0.4633397982735962, 0.20685496562363836
0.4635362932359919, 0.20678139977282828
0.4637325456388975, 0.20696588225868223
0.4639287077352534, 0.20683957768210254
0.4641246970294935, 0.20747251409986658
0.46432068717670855, 0.2079764813462601
0.46451666541149295, 0.20829077556464295
0.46471256948986334, 0.20874801442986768
0.4649085695995783, 0.2083896723001511
0.4651043574520014, 0.20853871322316508
0.46530009815570267, 0.2088680149177816
0.46549558145316233, 0.20852899943685674
0.46569094311035447, 0.20965430087735754
0.46588648558286, 0.209536283094241
0.46608170458521414, 0.2086875163292169
0.46627695503673594, 0.20868299021509826
0.4664720695038491, 0.20873285285965634
0.4666671750234629, 0.2092031170898251
0.46686208182098154, 0.20863340360240526
0.4670568070528558, 0.20888145648816667
0.46725156733123, 0.20892418424286016
0.4674461640525481, 0.20866196822649222
0.46764089264659175, 0.20865244838134597
0.4678354111014534, 0.20888285735224363
0.4680299706933765, 0.20976443781310014
0.46822453740490044, 0.20982418994795687
0.4684188445949877, 0.20916183925564855
0.4686132447910608, 0.2084328685117634
0.46880744662061735, 0.208359529755965
0.4690014471349152, 0.20843315195539805
0.46919544834647464, 0.208982415005716
0.46938945106903635, 0.2083014399641183
0.4695832697100637, 0.20863387313219092
0.4697771226548291, 0.2087197914924065
0.4699711153971839, 0.2087214857924626
0.4701648194369794, 0.20841033286568458
0.47035860664830176, 0.20812706748241122
0.4705522312301036, 0.2082017500934032
0.47074584383596074, 0.20826394266926837
0.4709393095784702, 0.20839807239040248
0.47113270151912473, 0.20842993473380095
0.4713258708693379, 0.2081517562387776
0.471518911933505, 0.2088567270935178
0.47171190332388424, 0.2085649649961015
0.4719046744043057, 0.20914076176838708
0.47209777007178194, 0.2096657205850911
0.4722907354932807, 0.20939472674577148
0.47248348051840505, 0.20995279489885985
0.47267626581112687, 0.2099261595703031
0.472868974633361, 0.210678660437779
0.47306150487899623, 0.21071706162744025
0.47325389237083837, 0.21061140180899646
0.4734462776805254, 0.2111403561560088
0.473638613881815, 0.21140532691698782
0.4738308506667274, 0.21151315373357585
0.47402275230920754, 0.2119702310666844
0.4742147671420685, 0.2118462364145286
0.47440666678044247, 0.2118966065639454
0.47459855265019135, 0.21149778271075476
0.47479034958901184, 0.21065874151457228
0.4749821185098779, 0.21054835508114464
0.4751738786183268, 0.21089171158906028
0.4753653509785566, 0.21061018378847818
0.47555685671128145, 0.21133376180612848
0.47574859933406083, 0.21066059797153802
0.4759399868996122, 0.2108542330866709
0.4761314415693731, 0.21068775883976265
0.47632284996398444, 0.21167381724760134
0.4765139067066473, 0.21110295331761594
0.4767049772426484, 0.21105542093799678
0.4768959158292362, 0.21203074415354978
0.477086724958401, 0.2124385462092282
0.47727763880085855, 0.21265477873639044
0.477468347686425, 0.21178113575009788
0.4776589057189424, 0.2124242379080258
0.4778495954272016, 0.21298753013705898
0.4780399947981171, 0.21363779131651547
0.47823048302368987, 0.21418153787022942
0.47842080163781914, 0.21343007652747845
0.4786110870168866, 0.2131923261124978
0.4788012877492501, 0.21438628156209583
0.47899147892510957, 0.21421365479720889
0.47918149343195, 0.2144519110045327
0.4793714551704082, 0.21495280821864238
0.4795613479237612, 0.2153534012676401
0.47975116329602047, 0.21598655772573244
0.4799408601933195, 0.2156898863072823
0.4801303418385144, 0.21438065966391562
0.480319810796346, 0.21499804630287844
0.480509227700294, 0.2148872013066981
0.48069868948957756, 0.2147995286626117
0.4808879455689583, 0.21456803248271614
0.48107706849929643, 0.21490693095620927
0.48126612451038714, 0.21531500633054532
0.48145519378179263, 0.21515937876847374
0.48164426078293177, 0.21554192656571156
0.4818331647146962, 0.21610181295266273
0.4820219898669439, 0.21680107455899833
0.4822108507145674, 0.21654317291388273
0.4823997980607939, 0.217018578716093
0.4825887127537582, 0.21711081841439472
0.4827772045232363, 0.21817342995475514
0.4829657235162202, 0.21876104094568008
0.4831542254248975, 0.2184384537032378
0.48334251788599086, 0.21871797297757486
0.4835308076438624, 0.2181440416391863
0.4837190913566363, 0.21836326258239436
0.4839073011388656, 0.2193038029708789
0.484095406420314, 0.21833834762191145
0.48428353398745616, 0.2185187729457693
0.4844715831980902, 0.21812441752749026
0.4846596883840886, 0.21833902571022823
0.4848474046076229, 0.21860450028264744
0.48503513205200594, 0.21886329255743886
0.4852225448714038, 0.21909977043429885
0.48541025389631043, 0.21824142339679878
0.4855977365872007, 0.21865605439339408
0.48578511338560604, 0.21957889079557244
0.4859723814148276, 0.21971908519626562
0.48615953031042947, 0.21969924057155174
0.48634658023680133, 0.2208367516773677
0.4865335985691484, 0.22079292959343935
0.48672046430406335, 0.22095528903437475
0.48690731189671926, 0.22137144528377814
0.48709398815971905, 0.2227363041466166
0.4872806659407209, 0.22198676055689187
0.48746736838503824, 0.2224180421315719
0.4876538733114421, 0.22246313709895282
0.4878402186041351, 0.22361372981551186
0.48802675726075095, 0.2233971020414613
0.48821304270927823, 0.22316548263980565
0.48839948395750954, 0.22423279465345092
0.4885855966139574, 0.22452650562765925
0.4887718718085591, 0.2239220724963015
0.48895795500170525, 0.22406821941839875
0.48914413701781484, 0.2246510823093261
0.48933018948050155, 0.22433921830143977
0.48951614190843495, 0.2245991004958597
0.4897020722575783, 0.22401537772042743
0.4898878681948317, 0.22359673953095352
0.4900736865934464, 0.2245456619618447
0.49025948717294426, 0.22357021944820532
0.49044511023602083, 0.2242754455217472
0.4906307052826978, 0.2243430302210421
0.490816115678295, 0.2239156634255534
0.49100159115712055, 0.22410005130687918
0.4911869734410593, 0.22450454066253758
0.49137214899513854, 0.22416787854117914
0.4915574405061615, 0.22442355842348652
0.49174262544990455, 0.22554769836217375
0.4919277647654295, 0.22473831228748506
0.49211286251677555, 0.22516768345404836
0.49229782263216065, 0.2250138032217608
0.49248270653309356, 0.2245744216190853
0.4926675592010866, 0.22492130647439718
0.49285223755004026, 0.2246258358852102
0.4930368052276954, 0.22433483608853844
0.493221458712506, 0.2251920768923687
0.4934059060478473, 0.22487090003968416
0.4935902914517034, 0.22482869892071142
0.49377445020935107, 0.22503431716876574
0.4939587253001561, 0.22526861347252328
0.4941429353646521, 0.22547512390317798
0.4943270868716889, 0.2245026220990294
0.49451113817716413, 0.22404091421799668
0.4946951076653973, 0.22366571264935997
0.4948789869722389, 0.2230469449984943
0.4950628217967087, 0.2235794416265385
0.49524665563166004, 0.22418035836558287
0.4954303905670778, 0.2238015017752497
0.49561411397519645, 0.22330368541629858
0.4957977426170928, 0.22322119290926784
0.4959814763980255, 0.22425601035693712
0.496164930210548, 0.225128990312554
0.4963483880368991, 0.22538092101784826
0.49653178279669213, 0.2257922848219574
0.4967150490606303, 0.2262386700291796
0.49689831717219873, 0.22674593788090672
0.49708155602904674, 0.22710649223518542
0.49726462313804076, 0.22728659472891127
0.4974477342816603, 0.22757807062096225
0.4976306399540577, 0.22749511798137056
0.49781360390941853, 0.22696141917237594
0.4979963066541779, 0.2267839229053188
0.4981789820786648, 0.22759981227196432
0.4983616111575736, 0.22897502325523592
0.49854435272033076, 0.22840886550046957
0.4987269001066409, 0.22890706680672424
0.4989093223023668, 0.2285631879965031
0.4990915771215034, 0.2290165034322682
0.4992738347757976, 0.2289033026856698
0.49945602179140275, 0.22843889975851547
0.4996382719428786, 0.2291730217429775
0.49982027969131804, 0.22950803634347225
0.5000025248067054, 0.2300619202500406
0.5001845605992153, 0.22971333760970974
0.5003664617477279, 0.23006478769432875
0.5005483733722815, 0.22962666197972617
0.5007301979864105, 0.22932711763706948
0.5009119452814125, 0.22804637718489462
0.5010937368972094, 0.2280868623045179
0.5012752681672333, 0.2276785633864901
0.5014569078518032, 0.22744134476944
0.501638366464644, 0.22712602410985064
0.5018197023147174, 0.2274562911182274
0.5020010697446214, 0.2284557021879158
0.5021824885704949, 0.22830983148139378
0.502363544148519, 0.2289670943643746
0.5025445417464636, 0.22838246987338942
0.5027254570832406, 0.22857048883657063
0.5029064806097784, 0.22808240221507173
0.5030873330361695, 0.22918970415528558
0.5032680674286815, 0.22936236047482775
0.5034488275699636, 0.228900238915373
0.5036296833576774, 0.22863431925806277
0.5038102758419133, 0.2289729132913567
0.5039908887635774, 0.23042405074466316
0.5041717533657231, 0.23068518256427925
0.5043526718996193, 0.2312405055160519
0.5045333258852136, 0.23078511709569002
0.5047140133950524, 0.2302678203998023
0.5048944346689722, 0.23016886668586722
0.5050749687413264, 0.23052784839751245
0.5052552574061719, 0.2305235144578983
0.5054355328467284, 0.23159642208173042
0.5056156851087975, 0.2309142905359079
0.5057957464120624, 0.2311989512288148
0.5059758344110699, 0.23112602986086148
0.5061557020101236, 0.23215638361079619
0.5063355241760834, 0.23262422162526278
0.5065151573401151, 0.23224223532787558
0.506694625421736, 0.23236455996660343
0.5068742735863021, 0.23387602587652678
0.5070539285620305, 0.23398863595029865
0.5072333179928578, 0.23420750494216278
0.5074127862838872, 0.23445821574649267
0.507591999415015, 0.23423518040874852
0.5077712098123994, 0.23492757126362818
0.5079503785577208, 0.23535921614011898
0.5081294895953136, 0.23519354988927654
0.5083085798817627, 0.23506798133170675
0.5084876247849199, 0.23605918886309915
0.5086666903971973, 0.2365100759729124
0.5088453668552558, 0.2364900620787906
0.5090241886020485, 0.2368666094541363
0.5092029354134939, 0.2369672104508285
0.5093817701425701, 0.23680827489138032
0.5095604453801577, 0.23733655836664685
0.5097391875868549, 0.2377675018053101
0.5099176138034884, 0.23800282284150184
0.5100960086892201, 0.23704771393404225
0.510274410281928, 0.23699088632599327
0.5104527767839743, 0.2366895570992027
0.5106309391209242, 0.2376136948206509
0.5108092253374767, 0.23720582278513264
0.5109872560360709, 0.23633667655440443
0.5111653087027187, 0.23629410313687313
0.5113432160384378, 0.23587039722570335
0.5115211373956118, 0.23612264135889247
0.5116990721884747, 0.23632449767425173
0.5118769613631479, 0.23702981115173224
0.5120549040892939, 0.23691439306390796
0.5122326326577834, 0.23653065840625354
0.5124100584834377, 0.23766480310169905
0.5125878695449831, 0.23761792036164478
0.5127655895156267, 0.2384505122993778
0.5129430852077851, 0.2389627244176907
0.5131205215321097, 0.23870238381776662
0.5132979613547387, 0.23877253705060972
0.5134753913183095, 0.2389049802499526
0.5136526677116147, 0.23860827271581894
0.5138300012252722, 0.23902133137944062
0.5140070341896202, 0.23884741845717591
0.5141840159520744, 0.23789699505894338
0.5143610562723776, 0.23855165035644674
0.5145380932832518, 0.2387034697779741
0.5147149927680784, 0.23892998752292316
0.514891613771277, 0.23906943900028463
0.5150683894620826, 0.23998685312961476
0.5152452162517405, 0.2392270617541842
0.5154216577738107, 0.23938009544811983
0.5155982850756742, 0.23877239876494097
0.5157747992278559, 0.2384779557857758
0.515951158439519, 0.23852189731285742
0.5161277003078697, 0.23937048530938182
0.5163040181944644, 0.23891475193365974
0.516480301709327, 0.2382443279030159
0.5166564589703608, 0.23879792222074495
0.5168326408481232, 0.23909881647330086
0.5170086091244327, 0.2396997068041532
0.517184643797218, 0.23993378315028893
0.5173605374061018, 0.24117161023952927
0.5175363369138698, 0.24048771414928266
0.5177122054572348, 0.2409235208754892
0.5178879733234504, 0.24044315064334262
0.5180636627102946, 0.24035038929931374
0.5182391743730189, 0.24112682112841355
0.5184146527862432, 0.2423582053317073
0.5185901557809639, 0.2426977804453763
0.5187655534465739, 0.24211204970978636
0.5189409654464714, 0.24286792644200259
0.5191164989985956, 0.24167682285606076
0.5192917273470766, 0.2424080342932524
0.5194671338965225, 0.24296419174548395
0.5196424192097703, 0.24266571752996807
0.5198176188611408, 0.24245107740041802
0.5199926872099215, 0.2424433685289779
0.5201677503213891, 0.24242542234640196
0.5203426600068877, 0.24143607830182406
0.5205174005943395, 0.24180585066663968
0.5206922770108877, 0.24191244954093885
0.5208669449567277, 0.2418760374161796
0.5210415195564758, 0.24181330276148655
0.5212161220122861, 0.24195598602035015
0.5213906268517038, 0.24240846617142764
0.5215651430441115, 0.24255067913088793
0.5217394853885446, 0.24202470193582282
0.5219137440462507, 0.24256268658466465
0.5220880589149116, 0.24256083522746563
0.5222622015602272, 0.24251301287708937
0.5224364574907795, 0.24328078324566907
0.52261085052185, 0.2440701653571122
0.5227850981544614, 0.24462160446287456
0.5229591887935644, 0.24548630474878222
0.5231331584004769, 0.24576658781459354
0.5233069975702906, 0.24661448053814883
0.5234809679821212, 0.2461913123228154
0.5236548462316776, 0.24535824014154015
0.5238285298958391, 0.2453579555037583
0.524002258115413, 0.24618771850218582
0.5241759277391207, 0.24724104119126408
0.5243497028039854, 0.24773371287532617
0.5245232296643275, 0.24735105029415352
0.5246964197365961, 0.24681774656235367
0.524869695033944, 0.246143464947659
0.5250429489605998, 0.2460815631833384
0.525216279882084, 0.24705110400046867
0.5253895238557782, 0.24757760643423068
0.5255626815776399, 0.24742032725652677
0.5257358694810144, 0.24772249301895527
0.5259088911459772, 0.24757490463650117
0.52608191031782, 0.24807728253047143
0.5262550919461912, 0.24793677650182097
0.526428064850063, 0.24811557961253153
0.5266010929933526, 0.24740115243197514
0.5267738763152097, 0.24601243724263952
0.5269466012899153, 0.24615955651723676
0.527119262600072, 0.2466639216266657
0.5272919706326462, 0.24641099078234419
0.5274645635200086, 0.2472141222399452
0.5276369108655318, 0.24761517141522774
0.5278093118271259, 0.24776559693910777
0.5279815842465622, 0.24764355836637
0.5281540044436117, 0.24761508348023167
0.5283263754385049, 0.24840285061629788
0.5284986852613793, 0.24888061915957216
0.5286708264911533, 0.24871034519711002
0.528842872800012, 0.24815830793746435
0.5290148150058176, 0.2486040153196639
0.5291868569171242, 0.24904393627672386
0.5293588299259651, 0.24992752702188453
0.5295307878877525, 0.24842005610859166
0.5297028343019063, 0.24887382131258773
0.529874609024309, 0.2481576597279974
0.5300462223564895, 0.2488873578745748
0.5302177495973281, 0.24851926374376732
0.5303892930338218, 0.24881427255614968
0.530560943464884, 0.249679539321738
0.5307324528342596, 0.2501654978066971
0.5309038817173923, 0.24892649041367376
0.5310753889429174, 0.24860837516901846
0.5312467544209328, 0.24821052537636137
0.5314180103753512, 0.24812561364787844
0.5315892931529288, 0.24783686751391057
0.5317604548987511, 0.24820056997992654
0.5319315392928687, 0.24862995016030087
0.5321026009415644, 0.24933131558295155
0.5322736515064415, 0.24884235581866185
0.5324446173742083, 0.249302257233865
0.5326155987184391, 0.2496973162748249
0.5327866063969281, 0.2508176282534556
0.5329573144455414, 0.2504716074303205
0.5331280676444646, 0.2504743468484646
0.5332987946568732, 0.2508950325218909
0.5334694029315067, 0.25100263437319253
0.5336400693143201, 0.25155081685963204
0.5338104523344693, 0.2517785827023155
0.5339809686700034, 0.2518142460848242
0.534151348844935, 0.2518787822428579
0.5343216743101362, 0.25200351948233773
0.5344920058857484, 0.25304529893312944
0.5346622029888958, 0.25344468510407286
0.5348323533671966, 0.2538515336923678
0.5350025849712008, 0.25359474619311556
0.5351727318268343, 0.25250133737857083
0.5353428426491487, 0.25327370582207237
0.5355127987778423, 0.25337193257534624
0.5356825890537699, 0.2537104749979123
0.5358525056575639, 0.25368873091214184
0.5360222392518392, 0.25570382563455324
0.5361920900561602, 0.25452451160141853
0.5363616983913744, 0.25449280047883427
0.5365313799282388, 0.2548417414915188
0.5367009473341059, 0.255421419144747
0.53687057385383, 0.25477620142446117
0.5370400309185164, 0.25408372073947877
0.5372094758301906, 0.253158372717742
0.5373787776804455, 0.253534603870199
0.5375480108632348, 0.25306055024963586
0.537717041727781, 0.2536118093529331
0.5378862974326943, 0.2532761213818804
0.5380554073582754, 0.25340225865671023
0.5382245363300076, 0.252721581391766
0.5383935698749165, 0.25235511081397893
0.53856256907992, 0.2526565446745967
0.5387316375394718, 0.2535154829224946
0.5389005318540895, 0.253471228259497
0.5390693503783719, 0.2537467878242969
0.5392381644457745, 0.2543835623038289
0.5394067890511872, 0.2540166000524013
0.5395753898586627, 0.2542074476809729
0.5397438995250188, 0.25525552980199195
0.5399123497876313, 0.25527311308189915
0.5400809729191659, 0.2548821911997846
0.540249340526411, 0.25412285807931934
0.540417664722714, 0.25414577163417595
0.5405860324862797, 0.2539719433057462
0.54075443187188, 0.25407628041422436
0.5409227440960493, 0.25342947526363385
0.5410910858923041, 0.25333305456976246
0.5412592074297996, 0.2533844257732442
0.5414272557928482, 0.25351238408737536
0.5415952528373911, 0.25312947707976174
0.5417633958234934, 0.25336246121503136
0.5419316206222824, 0.253495866180607
0.5420995352464886, 0.2533250768416999
0.5422674038310725, 0.2542611513688246
0.5424352466387787, 0.2538887657534447
0.5426032201883214, 0.2540354263572223
0.5427709594217793, 0.2528094681209893
0.5429387002700367, 0.2531986865508029
0.543106269162698, 0.2532161221204812
0.543273814051815, 0.25313688857282457
0.5434414935318099, 0.2532108083264697
0.5436090307051975, 0.2530383460701953
0.5437764859334947, 0.2526075752205583
0.5439438009459979, 0.25320719957783994
0.5441109762817853, 0.2529742272299101
0.5442778457468855, 0.25362679136264576
0.5444450529505994, 0.25429866249294436
0.5446121670371353, 0.25404162347756026
0.5447791406710444, 0.2542471506750729
0.544946058972081, 0.25357728144111186
0.5451130928226594, 0.25421729085600403
0.5452801895093431, 0.25413572523648403
0.5454469619620772, 0.2532074326792458
0.5456136778473787, 0.2536085855934209
0.5457805283361408, 0.2541080104938642
0.5459471824348415, 0.2538118098589806
0.5461138243179716, 0.2536594269849963
0.5462803142649131, 0.2531608366697463
0.5464467493380001, 0.2535579199444881
0.5466132668533791, 0.25383890455670455
0.5467797577294103, 0.2539364819932064
0.5469463507514324, 0.2541706905778353
0.5471127234368376, 0.2539068612155895
0.5472790271055515, 0.25447310439405124
0.5474454184550442, 0.2547672407401132
0.5476116424324157, 0.25538396677739633
0.5477779428376525, 0.2548930971738403
0.5479439126057216, 0.2543051718020849
0.5481098526063043, 0.2541778720727758
0.5482758549854314, 0.2540714596465141
0.548441979379047, 0.25423425173640024
0.5486080194574781, 0.2539628630109318
0.5487739074394398, 0.25474784361161634
0.5489395534714389, 0.25493675593622256
0.5491053732563226, 0.2547804984659666
0.5492713048435988, 0.2542836230641718
0.5494368382218667, 0.25428918716758653
0.5496025317791295, 0.2547322071387248
0.5497681089215753, 0.25468654636394994
0.5499335701817085, 0.255107448542685
0.550099089837746, 0.254897658422554
0.5502645217455513, 0.256036303117154
0.5504297640892821, 0.2563692551461812
0.5505950238324505, 0.257271352136233
0.5507602581601838, 0.2570190394826181
0.5509254577330419, 0.2571909909196987
0.5510905196992896, 0.257226698599728
0.5512554980461722, 0.25849635868109844
0.5514206702319021, 0.25957886830695626
0.5515857490221279, 0.2601822224857038
0.5517505743091448, 0.25890321104338154
0.5519154178666857, 0.2590635245365033
0.552080286683287, 0.2595189227710156
0.5522451733979155, 0.25927159753799484
0.5524098086746237, 0.25955423911634545
0.5525745285717265, 0.25964023372131156
0.5527392590242999, 0.25986268368886567
0.5529037151175357, 0.25971036223464944
0.553068159853885, 0.25966071882521463
0.5532326272048327, 0.2601057813245252
0.5533969063966617, 0.25958945329125577
0.5535611904598013, 0.260209680796677
0.5537253681370499, 0.25943653150450247
0.5538897200052363, 0.25902839854472604
0.5540539423868829, 0.25927697905845615
0.5542180143278205, 0.25928679186293246
0.5543822625324791, 0.2596565922275196
0.5545464752979966, 0.2598470692394744
0.5547105874225241, 0.2614163411466152
0.5548747684661504, 0.2618581464766493
0.5550389039323806, 0.2611772737247844
0.5552030296766104, 0.2616218818532634
0.5553668685995288, 0.26070201986643393
0.555530817411232, 0.2613864909461935
0.5556947735873307, 0.2606048775362939
0.5558585882472614, 0.26036791417671057
0.5560221410790109, 0.2606104593398892
0.5561858702306638, 0.2613826419706052
0.5563495340065361, 0.26106586487874384
0.5565130486452508, 0.26065843537235894
0.5566767081418688, 0.26119533111270266
0.5568400891674954, 0.2619389364266327
0.557003443902818, 0.26203637782501904
0.5571667362354213, 0.26124165381387693
0.5573299768221286, 0.26134888664318984
0.5574932519400196, 0.26129781833773974
0.5576563743518753, 0.2612439232026238
0.5578195180639556, 0.2605610913945751
0.5579825592141899, 0.2594280310747242
0.5581457381879699, 0.2597249053483243
0.5583086712833325, 0.25946962713814886
0.5584716019714923, 0.25984899107829157
0.5586344536500156, 0.26028799785824386
0.5587973560841233, 0.26021834315819464
0.55896004697715, 0.260086892418973
0.5591228868789619, 0.25998346885850243
0.5592856787989395, 0.2601817668171711
0.5594485414726497, 0.2604761692993653
0.5596112887115045, 0.26131124693430213
0.5597740540422774, 0.26014959603044824
0.5599366484366702, 0.2603398954552565
0.5600991215966855, 0.26078887582065513
0.5602616766630264, 0.26004849835874116
0.5604240843650303, 0.25961660722593544
0.5605864879227983, 0.25894599278169494
0.5607489062959244, 0.26114120581707284
0.5609112596719573, 0.2608799993702595
0.5610735457473208, 0.2608949733800756
0.5612359779798144, 0.26104029951146074
0.5613982604752658, 0.26100316623410863
0.5615604494172516, 0.2609951134874331
0.5617225130570971, 0.260925717403812
0.5618844701185332, 0.26178143527772474
0.5620464440078183, 0.2617157307599803
0.5622085173673742, 0.262126664162095
0.5623704573037058, 0.26281351348723064
0.5625322685893901, 0.2625804923882261
0.5626941925165273, 0.2620889347432062
0.5628558359002976, 0.2623145652302443
0.5630175772483456, 0.2623240940853861
0.5631793829750407, 0.26219569511537755
0.5633410128714196, 0.2620513909858511
0.5635024811759576, 0.2624998908473345
0.5636641535345407, 0.2615363590281615
0.5638255966569717, 0.26181755813022056
0.5639869622525442, 0.26186505747235456
0.5641483757275477, 0.26127867751981726
0.5643098932372055, 0.2619181044954281
0.5644711330338161, 0.2620266780605376
0.5646325026897252, 0.2628849238526054
0.5647938367060963, 0.2631048748023884
0.5649550473504509, 0.2628826363652213
0.5651162211272965, 0.2623399763595325
0.5652771952111431, 0.2625866433377441
0.565438073073869, 0.261381572093412
0.5655990733565986, 0.2613262216936615
0.5657600994525663, 0.262074775750972
0.5659209357735766, 0.2625849373750381
0.5660816153583502, 0.26222965603141113
0.5662423497051294, 0.2624858125354503
0.5664031643532585, 0.26262809733570736
0.5665637962556775, 0.2617876035754149
0.5667243107784508, 0.26228095062332557
0.5668848714259404, 0.26288363222971034
0.5670453601472374, 0.26302438990619914
0.5672057190471949, 0.26402925351680434
0.5673662249481274, 0.26368307181007233
0.5675265859581472, 0.2633200060867078
0.567687032848688, 0.2621947776332404
0.5678474327698739, 0.2634700843553027
0.5680077704047196, 0.2645023711422735
0.5681681342129599, 0.2648340643544603
0.5683281950307854, 0.26500403907984715
0.5684881894675884, 0.26513572831111415
0.5686483195641812, 0.26536549571830315
0.5688083848588953, 0.265341842077847
0.5689683496604224, 0.26611816997351045
0.5691284222376453, 0.26683348289677716
0.5692884770202907, 0.26735038372057895
0.5694484478870201, 0.26673089210576106
0.569608351854301, 0.2671184967988211
0.5697680657460285, 0.2672388981445118
0.5699279565140287, 0.2677083362022596
0.5700876642728386, 0.2674732600001712
0.5702473539665509, 0.26811426438108626
0.5704069192420634, 0.2690819060083448
0.5705665475357411, 0.2694725934941039
0.570726106233948, 0.26987345455923556
0.570885579316443, 0.2696359046892625
0.5710451011928376, 0.2694733445737166
0.5712044308334697, 0.26923801647494816
0.5713638083787435, 0.26876682849597283
0.5715232610994443, 0.2679981526359988
0.5716825954755715, 0.26782780511823834
0.571841835995098, 0.2689112494836123
0.5720010227106076, 0.2689138448563594
0.5721600948263634, 0.2691383132264694
0.5723190967042427, 0.26892773350255966
0.5724781761563588, 0.2690290894628143
0.5726371998322917, 0.2687048067422367
0.5727960783662216, 0.26889966405825494
0.5729550009656662, 0.2689672100590755
0.5731138872880926, 0.2699444236816742
0.5732727909534127, 0.27053280583934125
0.5734315788427901, 0.2707371088492754
0.5735901630717738, 0.27147219319005195
0.5737487730664291, 0.2714129615749443
0.5739073494936892, 0.2711861473651559
0.5740658075551252, 0.2718708042883704
0.5742242114191306, 0.27298661026788057
0.5743826725865694, 0.27349666572007947
0.5745410675157919, 0.2738953069081166
0.574699243680972, 0.273402912903437
0.5748576268499533, 0.2739838303087722
0.5750156698669472, 0.2737934582277262
0.5751738710834753, 0.2735647557936452
0.5753319397608073, 0.27280306057377723
0.5754900827521955, 0.2727665878909742
0.5756481358629035, 0.2734670968859166
0.5758060233854949, 0.2731227317401265
0.5759639597363169, 0.273743516785167
0.5761220371769668, 0.2740291346714993
0.576279915793635, 0.27333753326165555
0.576437767649117, 0.27386043025965895
0.5765955267025045, 0.2740760742335132
0.5767534945178894, 0.2737625675506771
0.5769113883298221, 0.27437687291719587
0.577069216875707, 0.2742839298780731
0.5772269580066747, 0.2755693807588029
0.5773845327443964, 0.27524061757160817
0.5775420193472017, 0.27532307133356443
0.5776996726728606, 0.27607684593657933
0.577857087950867, 0.2756952837630377
0.5780145124829094, 0.2756475848637211
0.5781718670731265, 0.27568245250603746
0.5783293068828849, 0.27586752282969323
0.5784867435623752, 0.2759369254858144
0.5786442372199009, 0.2766778425997076
0.5788014383883726, 0.27785312145598334
0.5789587106267707, 0.27839027041972864
0.5791158833575543, 0.27844445374386756
0.5792730633812339, 0.278100063165352
0.5794301779238652, 0.2784441779159772
0.579587231899533, 0.27892391012476786
0.5797442928686429, 0.27854494231363386
0.5799012772358716, 0.2791055629765568
0.5800583608162725, 0.27983236737341244
0.5802152250164703, 0.27980446359007594
0.5803720750312492, 0.27988534621037997
0.5805287554202601, 0.28087620540927766
0.5806853729435654, 0.2801729405064014
0.5808421364438059, 0.2815475504065076
0.5809987974002482, 0.2810738695265584
0.5811553451534368, 0.281275952826629
0.5813118943990386, 0.2806788440245687
0.5814682828865454, 0.2815953032295385
0.5816246976241568, 0.2819314896804334
0.5817810466556389, 0.2824654410832713
0.5819373878761623, 0.2833310909893978
0.5820937615611815, 0.28325911027820916
0.5822499665684135, 0.28266192825554204
0.5824062369508747, 0.28230043529718646
0.5825624965388857, 0.2825322453988202
0.5827187427316294, 0.28184539697884775
0.5828748534305203, 0.28202553439251815
0.5830308734335619, 0.2819151521715497
0.5831870412713239, 0.2826631360356265
0.5833430588107323, 0.2827189850380078
0.5834991908110889, 0.28303257363631223
0.5836551309486848, 0.283750866960519
0.583810898539305, 0.2844901434015753
0.5839667455716304, 0.2849909998940029
0.5841225342675295, 0.2849862744801168
0.5842782640444634, 0.28532208402287823
0.5844340491595962, 0.2853826624256691
0.5845897752862939, 0.2863614793346075
0.5847454347081766, 0.2863969329575569
0.5849009121813028, 0.2861761851837601
0.585056549386802, 0.2868472688968474
0.5852120513152235, 0.28647889856173686
0.5853675557582135, 0.28658924188872215
0.5855229568310366, 0.286290357629111
0.5856783195831302, 0.2860155169296787
0.5858339187912478, 0.28574635168264767
0.5859891999829363, 0.2867252005800757
0.5861444843349012, 0.2857050323877264
0.5862996995596363, 0.28674923653296847
0.586455188989715, 0.2859466200199084
0.5866105000944043, 0.2861370601320586
0.5867656382869382, 0.28558328055284005
0.586920838566931, 0.2858826162639864
0.5870758897018925, 0.28614209197280155
0.5872308711232768, 0.28580756567913973
0.5873857615375334, 0.28552865263101584
0.5875406937108694, 0.2850050228575102
0.5876953229930424, 0.28591274462782723
0.5878500809372783, 0.2863920440981748
0.5880047747749352, 0.2862311728018547
0.5881595072382709, 0.28663763261208475
0.5883142092402804, 0.2870003792413276
0.5884689123923466, 0.28714693833378246
0.588623642990426, 0.2872632970177296
0.5887781982200204, 0.28727236241151605
0.5889328299744233, 0.28746625156881367
0.5890875100276605, 0.28744003346296193
0.5892420171422752, 0.287420769599783
0.5893963268253556, 0.2874194839086976
0.5895506797667105, 0.286130231832374
0.5897049413412988, 0.28570336951020664
0.5898592921249538, 0.28604055055056216
0.5900135223214366, 0.2860096334074046
0.5901675101584667, 0.28685201060034404
0.5903216341292367, 0.2864230605399729
0.5904756616594445, 0.28680970426839597
0.5906295980654089, 0.2870302124728114
0.5907835832770564, 0.2872615117607728
0.5909375573827512, 0.28692286636592934
0.5910914776840316, 0.2868941986670494
0.5912454686693099, 0.28765002040212706
0.5913993042903305, 0.2872608765082521
0.5915530827491606, 0.2868628735810819
0.5917069709005952, 0.2865037891234514
0.5918606252481741, 0.2851611751758646
0.5920143742776685, 0.28581451897683935
0.5921680482924859, 0.2863215697879351
0.5923217059143551, 0.2875593662940502
0.5924753362495714, 0.2873586742588324
0.5926287462362115, 0.2873385806920825
0.5927822437834974, 0.2872314694523323
0.5929357138137624, 0.2864319340032467
0.5930892068778477, 0.28684358889566747
0.5932426294378997, 0.2874557208682802
0.5933959359455994, 0.2871583354168832
0.5935493237121916, 0.2861251858856239
0.5937027022025662, 0.28592129821667717
0.5938560223575448, 0.28561035655648376
0.5940092516632763, 0.2864741349718707
0.5941625682237008, 0.28667408302583264
0.5943158065152562, 0.28661818746805845
0.5944688137028213, 0.2865579841225321
0.5946219632566697, 0.28709840896665334
0.5947751425343488, 0.28756969384904313
0.5949283493984706, 0.28669358414454654
0.5950813618996813, 0.28688692837774477
0.5952343391394119, 0.28719401801585437
0.5953873292225667, 0.2873388546419453
0.5955401610191469, 0.28689172358621784
0.59569305425877, 0.2875162627658822
0.5958458160261482, 0.28793303900630146
0.5959985087968583, 0.28893907423207044
0.596151150211633, 0.28864850095213296
0.5963037893908525, 0.28965516710675143
0.5964564014247167, 0.2900469986276431
0.59660888569032, 0.28944696846231166
0.5967614760603025, 0.2896093902951006
0.5969139546991602, 0.2893184324184889
0.5970662855299669, 0.2890810856113532
0.5972186374242532, 0.28945894253528875
0.5973710899953982, 0.28984476373724977
0.5975234504238597, 0.2908970878309504
0.5976756662707392, 0.2902803872858654
0.5978278798484814, 0.2903781466619616
0.5979801516984334, 0.29043564028757346
0.5981322834170334, 0.29031760419270825
0.5982843903615782, 0.2905833383398516
0.5984364793225344, 0.2911146233018707
0.5985884524887093, 0.2914668329943274
0.5987403652946078, 0.2916957456987434
0.5988923279309073, 0.2922359839808984
0.5990442272640563, 0.29171863449659236
0.5991962243346295, 0.2924368361996759
0.5993479975534686, 0.2922520708321841
0.5994997570398174, 0.29188005979462367
0.599651606649364, 0.2922051942330601
0.5998033741487422, 0.292471145670487
0.5999550676659678, 0.29211275667126463
0.6001067331187644, 0.29224463501652836
0.6002585153266043, 0.29227736954765166
0.6004100770838005, 0.29197846430604985
0.6005615754017284, 0.2913578130013454
0.600713126327939, 0.29109115023389676
0.6008645115858512, 0.2912469149854375
0.6010159176565201, 0.2910645626620993
0.601167325477837, 0.2920439520241371
0.6013186020671945, 0.2924000369887096
0.6014696831365931, 0.2922554397685125
0.601620896325524, 0.2916051581275035
0.6017719024379714, 0.2917687985093335
0.6019230223910009, 0.2915370975077146
0.6020740206845202, 0.2920587166409976
0.6022250885893187, 0.29274120789214036
0.6023763149918573, 0.2938801725923461
0.6025272888182429, 0.2935901850112018
0.6026783816006709, 0.2926774829994477
0.6028294654057059, 0.2925361916392457
0.602980387141555, 0.29279406972302185
0.6031312502793834, 0.292323730089107
0.6032821531419659, 0.2912238953179172
0.6034329897942922, 0.29179648809459346
0.6035838553629054, 0.29143715405403886
0.6037345828606151, 0.29186814746185313
0.6038852572365195, 0.2919801915580453
0.6040359217799188, 0.292948038494542
0.6041865072740691, 0.29354765277250683
0.6043371494331116, 0.29307853113566307
0.604487802824102, 0.29298059963529216
0.6046384095264687, 0.2931349238369105
0.6047889402821149, 0.2922207296707411
0.6049394756918473, 0.29250240424625723
0.6050900156558855, 0.2936312199604045
0.6052404521401851, 0.2936360467576785
0.6053908927423218, 0.29330159603208494
0.6055411879149178, 0.2933947539375972
0.605691521144651, 0.2935207243988475
0.6058417537448568, 0.29503155567561484
0.6059918512976739, 0.29494173807369606
0.6061419809467886, 0.295776202345134
0.6062921481494646, 0.29484851456104105
0.6064422326699244, 0.295769755210094
0.6065923162036065, 0.2964534806429223
0.6067423664463966, 0.29711255048956864
0.6068924568637577, 0.2974681571007994
0.6070424740923644, 0.29741468004648103
0.6071924933955647, 0.29755009860090104
0.6073423589518856, 0.2978465470332239
0.6074921453058002, 0.2982742367577042
0.607641966590937, 0.29710049766647584
0.6077917113147768, 0.29708574522142056
0.6079412058424468, 0.29773939642298014
0.6080910673956528, 0.29811605631408794
0.608240665374246, 0.29762216510802825
0.6083902329304204, 0.29864778092056776
0.6085398483106326, 0.2986046905591055
0.6086894018981438, 0.29853621889049
0.6088388514267564, 0.29901412763720486
0.6089883811778355, 0.29917619735315654
0.6091379117711874, 0.2984180884409458
0.6092873183256192, 0.2994353721600068
0.6094367233451212, 0.2997083191936993
0.6095860684836424, 0.30077696471165966
0.6097354625110946, 0.3011071899180433
0.6098846955471648, 0.3002879023300524
0.6100339420516958, 0.30024325389920736
0.6101830841740781, 0.30071744678841783
0.6103322912819241, 0.30016418708701975
0.6104814999202969, 0.3001338507259116
0.6106305462821426, 0.29951329636178703
0.6107794984705659, 0.29958178526982393
0.6109285786240823, 0.30009365424203227
