0.0896367211418078, 0.049915218909252636
0.07612824930091529, 0.04842560172869653
0.06877276856111439, 0.0462212778525753
0.06373923480422125, 0.044250456104942285
0.059929669211215134, 0.040416484915356786
0.05688106668294091, 0.03889331109954839
0.05435099486819725, 0.037499043798977755
0.05219239454685616, 0.03586686473374407
0.05031627992238576, 0.0356796380061849
0.04866069429356172, 0.035121241693736094
0.047183493788398694, 0.034477104926026986
0.04585356511436764, 0.03330451898781469
0.04464591356750506, 0.03272210996012206
0.043541675540634296, 0.03203822888885282
0.04252655306298157, 0.03123855941346327
0.04158813472623299, 0.03064027113858523
0.04071676669162181, 0.031154509986423905
0.03990612255484152, 0.03096334398182778
0.03914800837474357, 0.030790044880132504
0.038438153075632496, 0.029857176643196766
0.03776978967934332, 0.02984859270484255
0.03713927385338422, 0.02969251559636736
0.03654379495843207, 0.02876308456381281
0.03598014088808261, 0.0287684223455889
0.03544500687893121, 0.028034410657407083
0.03493673485263979, 0.027657126639505005
0.03445299083549294, 0.02760054735649331
0.03399183220490934, 0.027115402894948463
0.03355185460486176, 0.02677966696561966
0.03313083495776994, 0.026853071741103737
0.03272817093720023, 0.026476137138521226
0.032342722437441025, 0.026507996254554134
0.0319731764162772, 0.02626822089410167
0.03161834630189066, 0.02611498754182885
0.03127695025135738, 0.025930861501644784
0.030948527039760372, 0.025802661879749268
0.030632527611272633, 0.025719343095517936
0.030327346346412057, 0.02547465631417613
0.03003324687269527, 0.02551020762434724
0.02974953035784328, 0.024952971791601598
0.029475312544864282, 0.024789980886963867
0.029210280226575767, 0.024643797408192943
0.02895369168865987, 0.024313102032642572
0.02870538985103051, 0.02384153480357443
0.028465040884003458, 0.02328801767876802
0.028232255854949827, 0.023138232000358333
0.028006468270625275, 0.02309585430516195
0.027787937319664866, 0.022839659729034116
0.027575478472590936, 0.022652574443459635
0.027369126894258244, 0.022693885140002847
0.02716849095247899, 0.02283670130129854
0.026973626410894853, 0.022843699238645085
0.02678398345251098, 0.022720455125239614
0.026599739556627856, 0.02259450971512443
0.026420326392608717, 0.022544573659788382
0.026245966024099752, 0.022704588068011077
0.026075972436155892, 0.02229137766646875
0.025910426956842383, 0.022198274533049876
0.02574894233533844, 0.02240106909417608
0.02559136011864196, 0.022319186098462517
0.025437580927864824, 0.02212739636335581
0.025287664642119304, 0.022186585126169528
0.02514161028988874, 0.021839108886368093
0.024998753402217726, 0.021761300602526033
0.02485916322252014, 0.021708737508233825
0.024722931490052318, 0.021384008539700433
0.0245898037458527, 0.021130439436026476
0.024459503348532672, 0.021335217251112534
0.02433212496937893, 0.021265264707532767
0.024207434464503786, 0.020978572508304375
0.024085683289802432, 0.02088653056761786
0.023966126054019727, 0.02074685444682138
0.02384926990389949, 0.020599276367122457
0.023734458741228873, 0.02048449970897501
0.023622144728722573, 0.02052304080259398
0.023511986240894123, 0.02047409207321399
0.023404316771845873, 0.020483809483173257
0.02329873382655684, 0.02051698395158576
0.02319554997592043, 0.02035839901811877
0.023094024550662312, 0.020168851966974825
0.02299457798918004, 0.019948110430555256
0.022897025365671106, 0.019737327143556794
0.022801222063706043, 0.019757755115451674
0.022707258255671433, 0.01974566760314765
0.02261505467804888, 0.019858248533486476
0.022524299400027308, 0.019965549037373846
0.022435270269852217, 0.019946274843635717
0.022348088158186143, 0.019662496794066345
0.0222625703465404, 0.01962095688074995
0.022178579244686136, 0.01966653303525068
0.02209581206801345, 0.0194524104808993
0.02201460032535249, 0.019125979819756903
0.02193463884278075, 0.01916522857296439
0.021856210795878534, 0.019124781510947614
0.021779234651131976, 0.01901701039733171
0.021703725006454705, 0.01898254887955375
0.021628782309435497, 0.018785323464675596
0.021555509930931634, 0.01880101534444268
0.021483706235132127, 0.018672433407242364
0.0214126635501376, 0.01864131441526497
0.021342803846724618, 0.01862505941050976
0.02127410963620299, 0.018582478809643373
0.021206798894910617, 0.01841566259506294
0.021139918700604204, 0.018526207647444587
0.02107435063847915, 0.01851522493956694
0.02100970954075432, 0.018568882342748113
0.02094643829925415, 0.01842955864834882
0.02088404096809869, 0.018248494246523583
0.02082262694462434, 0.018476177457777118
0.020761781570990356, 0.01826547290859219
0.020701970870082624, 0.01825835768238457
0.020643131457089105, 0.018348079007916643
0.020585020194432445, 0.018438273215506288
0.02052777854701534, 0.018445442036703646
0.020471094124207542, 0.018462970373807053
0.020415515816182915, 0.018415782045649785
0.020360483819773387, 0.01827294397661784
0.020306285853535992, 0.01800616588534788
0.02025300532285217, 0.017962775125591614
0.02020062493189861, 0.017925892288661406
0.02014881615795821, 0.01782885771091992
0.02009787649713049, 0.01773549549000083
0.020047589541825145, 0.01791035933782285
0.019998035136776397, 0.017737821084728
0.01994929986346359, 0.017674483637632042
0.019900760028547324, 0.017429006413245733
0.01985312273989373, 0.017450486879021523
0.019806061710291506, 0.017513201874216816
0.019759431637216517, 0.017467509436648456
0.019713405603704534, 0.01762924121917967
0.01966826062309264, 0.017776429107555107
0.019623368294935342, 0.017711359581367343
0.019579442059493836, 0.017842758989544218
0.01953560924612001, 0.017761069382705486
0.01949196034360698, 0.017722754999973524
0.019448964869161076, 0.017662893330283886
0.01940702365934936, 0.017519946008132205
0.01936536119146826, 0.01766830413032917
0.019323934504955925, 0.017613727860785928
0.019282859502472237, 0.01762046958561671
0.019242429408788966, 0.017517134937048085
0.019202690141773587, 0.017558118999808924
0.019163205247474547, 0.01747824363443712
0.019124192562096846, 0.01765728673328619
0.01908573183870813, 0.01756351303759176
0.019047472197628028, 0.01749613579084236
0.019010067009053937, 0.017508694267193484
0.018972461879964684, 0.017482365352021054
0.01893549673221512, 0.017373754878942892
0.018899132943985944, 0.017358932302639463
0.018863269226035716, 0.01724438502211014
0.018827732203925994, 0.01728759591196743
0.01879258677823964, 0.01716928000556184
0.018757857255610563, 0.01724822463982006
0.018723600152147506, 0.017140845229551553
0.018689474059102536, 0.017105552002754806
0.018655733226084322, 0.01713404522625081
0.01862217969647048, 0.017028425122539447
0.018589112331709283, 0.016924219545852805
0.018556359438784142, 0.017032087658575838
0.018523963972161075, 0.016953772420870424
0.01849162970350995, 0.017001034861449812
0.018460037522872952, 0.017142271752626774
0.018428552207580277, 0.017182272037652057
0.018397530673679493, 0.01702779612190137
0.018367200051875955, 0.0169592786045851
0.018337149861411963, 0.016996846121721306
0.018307197399188093, 0.01704805868945953
0.018277695570261862, 0.017059323240114548
0.01824836983338499, 0.016883585865874778
0.018219409552179825, 0.016951216052221146
0.018190644407172125, 0.01699677113959684
0.018161800758339702, 0.01695344353671331
0.018133455353339167, 0.01687075844069103
0.018105624595631625, 0.016844453221361598
0.018077839504888324, 0.016862353142612554
0.01805020129799459, 0.016874761610050443
0.018022701279489874, 0.01686337021999773
0.017995560481891475, 0.016655649684192
0.01796863496914874, 0.01679095862406091
0.017941944815330114, 0.01672999836637131
0.017915638461648942, 0.01669701659857873
0.017889566231563243, 0.016763595910898058
0.017863557580876366, 0.01667896409849235
0.017837793037091675, 0.016709128389519306
0.017812116859230048, 0.016771120527520587
0.017786607677984248, 0.016740191858454125
0.017761326218368647, 0.01670083676854524
0.01773615599247315, 0.016690747537500227
0.017711602271775203, 0.016682950413629504
0.017687043079543854, 0.01664879041134553
0.01766277878299549, 0.01661460048069759
0.017638558817090786, 0.01681814836099022
0.017614923342008555, 0.01685463066495565
0.017591324748380363, 0.016583089296019683
0.017567891447148216, 0.016522055057881426
0.017544430663877463, 0.01658932261106637
0.01752129879132808, 0.016538522734210435
0.017498691553390604, 0.016404342960982855
0.017475994463994678, 0.016252008923135445
0.017453628938966802, 0.016219379568475602
0.017431467132846254, 0.01601978636978504
0.017409851097889072, 0.015990717706277174
0.017388058147955427, 0.015853230010325632
0.017366611808156216, 0.015838896616419983
0.01734518687382597, 0.015870133845104058
0.01732384593714543, 0.01606417068378214
0.017302652134944377, 0.016129646230638717
0.017281743044886208, 0.016018121628912706
0.017260262355703018, 0.016275921904486935
0.017239172783144942, 0.016265927967363293
0.017218649676130487, 0.01625332980485044
0.017198083380332595, 0.016276342252191583
0.017177620903227643, 0.016336434016585247
0.017157330254075977, 0.016275688843788532
0.01713721467130214, 0.01620696656061231
0.017117258689795238, 0.01625414279117527
0.017097410739994177, 0.016158881595934885
0.01707755103718127, 0.01613250932586681
0.01705815307255954, 0.016095147452954206
0.017038788654009825, 0.015990303686610807
0.017019703414770333, 0.016064492610423975
0.017001092879824133, 0.016107221667207454
0.01698200730626426, 0.01611181597642034
0.016963266918787457, 0.01612427883718551
0.0169450437652294, 0.016008241871541547
0.016926691452432235, 0.016223834825696035
0.016907902286614925, 0.01613464567857981
0.01688948733108022, 0.01620933174952514
0.016871624091519374, 0.01612916590910419
0.01685359186103681, 0.015824449419402035
0.016836057417760772, 0.01593615680967117
0.016818283542503455, 0.01599938921835954
0.016800917927271862, 0.016003059283642495
0.016783998278606316, 0.015945385111979647
0.016766796439495794, 0.01606541521426309
0.016749577818313818, 0.015940415695716477
0.016733189043187262, 0.016144404676159293
0.016716945884187442, 0.01618529939335987
0.016700414750500225, 0.016209985997585406
0.016684030364291717, 0.01622961433658911
0.01666807253704614, 0.016204460297915235
0.016651708626843748, 0.016275017120856793
0.01663598806206673, 0.01631823717172761
0.016620343321916996, 0.016332937228706716
0.01660474665962905, 0.01629514848046548
0.01658890644145983, 0.01624476952315403
0.016573328269285804, 0.016319983929426043
0.01655772637281413, 0.016430373486620287
0.01654204717582021, 0.016189858440502126
0.016527164817948938, 0.016076048025663425
0.01651229657545797, 0.01609545638784183
0.016497463674459353, 0.016126625848494607
0.016482713610450787, 0.01610382883231748
0.01646789450407751, 0.016054436142096937
0.0164534617668863, 0.016022307583366927
0.01643915301359771, 0.015951312258403787
0.016424894012778146, 0.01597262219383091
0.0164108814049749, 0.01585213024911252
0.016396382697845702, 0.01593275356265655
0.01638240750623674, 0.01599134611404254
0.0163688417934523, 0.015945491141983358
0.016355237857565923, 0.01597855700702087
0.016341729359546236, 0.015917952797774443
0.016328042310021124, 0.015872719803072876
0.01631418178721144, 0.0156510814093143
0.016300516536580312, 0.015809456112651662
0.016287064841988563, 0.015884025813403757
0.01627380214710297, 0.015820668815354298
0.01626033254035975, 0.01584729469521189
0.016247225274696835, 0.01557012565674638
0.016233965853622582, 0.015488344677665833
0.016220917639549165, 0.01535870230362451
0.01620786664815166, 0.015322524086270852
0.01619494751593875, 0.015352208474541369
0.016182252845704764, 0.015456896391779978
0.016169708702448327, 0.015424682182675762
0.01615720727602872, 0.015332497977746202
0.016144800491910225, 0.015341403458080046
0.016132483512323017, 0.015501835466217086
0.016119941815868698, 0.015550342359764309
0.016107496216781692, 0.01545275607124576
0.016095307968202896, 0.015567359896411868
0.016083011519292045, 0.015409279531242551
0.0160705069638249, 0.015496701164998634
0.016058074409178436, 0.015510020214589424
0.01604581152807157, 0.015573747055933375
0.01603356824344192, 0.01569778807431224
0.016021370760878742, 0.015581717598314173
0.016009359508747482, 0.015419379128824802
0.015997388449159322, 0.015626981957178914
0.015985161178200827, 0.016023897118479288
0.015973478709572757, 0.016120812579020937
0.015961800380127917, 0.01592186700946058
0.015949917949269594, 0.015887441430096953
0.01593824857286004, 0.015898336309416096
0.015926508785375385, 0.015872519374107434
0.01591506139673694, 0.015788436954847437
0.01590384765091397, 0.01592010107647161
0.01589263548594572, 0.015857316431409845
0.015881185925898073, 0.015952937774032783
0.015870103683397464, 0.015826859982659973
0.015859007778214602, 0.015721458306942954
0.01584749478552517, 0.015677292635941312
0.015836393893087723, 0.01581935119535171
0.015825385978507828, 0.015797247069999635
0.015814484516355802, 0.015805949198187095
0.01580340137475784, 0.015861698451617015
0.01579225301526783, 0.015780478229121184
0.01578130729552604, 0.015788192079340232
0.015770130911938712, 0.01572200079889118
0.015759819570580723, 0.01573242607177765
0.015749158583092913, 0.015608866199215858
0.01573868931781044, 0.01556239867455259
0.015728164344865972, 0.015524126654065202
0.015717930243149374, 0.015340260712719584
0.01570758918452426, 0.0153865955027344
0.015697536767419747, 0.01550037963343845
0.015686973241213042, 0.015516886057819805
0.015676421489499503, 0.01547254585585321
0.015665591469562788, 0.015446367045469568
0.01565543686981084, 0.015349940811143992
0.01564564558961293, 0.015304350444088633
0.015635741986312283, 0.015321024458112531
0.01562617066317909, 0.015236204287020317
0.0156161060597786, 0.015115492132996235
0.015606349076958613, 0.015189160512061208
0.015596682968526418, 0.015220903701618622
0.015587343264673093, 0.015125619286907366
0.01557751753552136, 0.015278538738160334
0.015567924116097132, 0.015363704893904682
0.015558175372524304, 0.01523680148209043
0.015548076209514415, 0.015146197246587213
0.015538389811342033, 0.01527961493679606
0.01552867689102525, 0.01530982086211318
0.015518907157723891, 0.015322765377372405
0.01550921928426112, 0.015219920726985808
0.01549974530428747, 0.015245621430099443
0.015490571382681336, 0.015487122988703722
0.015481568165411881, 0.015487925433995365
0.01547227565515633, 0.015350783164212135
0.015462979147184707, 0.015457110470608073
0.015453651463052531, 0.015401091783277025
0.015444627799523011, 0.0152364988780172
0.0154355193356443, 0.015188393241497938
0.015426378359698276, 0.01517545919470774
0.015417527366443471, 0.015046939647261219
0.01540883011838857, 0.014903217846804113
0.01540024373129159, 0.014799185440511545
0.01539106254496632, 0.014895003159684209
0.015382415180868482, 0.014884171132133535
0.015373626270806556, 0.014863245848595894
0.015364741774135026, 0.014944106227275544
0.015355895527672032, 0.014806627571709126
0.015347270289961933, 0.014857500341525751
0.015338859054084795, 0.014899928151793673
0.015330323886960425, 0.014697530842947875
0.015321894858519638, 0.014692757804901481
0.01531332879373293, 0.01472825162224229
0.01530475215212282, 0.014713149900375328
0.015296656366609544, 0.014702930414414724
0.015288817191259222, 0.014798222903546149
0.015280484842776576, 0.014699960504554169
0.015272617547375644, 0.014794486691608127
0.015264467426871233, 0.01456973647006741
0.015256731631878772, 0.014491575109160791
0.015248530582928205, 0.01420874093519094
0.015240459268761806, 0.01430812222036514
0.01523272071748782, 0.014401600444344301
0.015225316584146031, 0.014579925519838869
0.015217702846549693, 0.014489747643035813
0.015210576242249207, 0.014482306440828126
0.015203012305484952, 0.014402464515021387
0.015195476733698914, 0.014146931042322973
0.015187748454240042, 0.01395410639517209
0.015180025491245438, 0.01414277642910484
0.015172538359067064, 0.014239815566705914
0.015164606230451561, 0.01416541147391511
0.015156997739636005, 0.014303139450745921
0.015149320579883037, 0.014184903750816776
0.015141677461047639, 0.014133705029449077
0.015134312462731414, 0.014194376437702638
0.015127008860166219, 0.014365408000559533
0.015119445404157005, 0.014412948175768265
0.01511177364912077, 0.014510138966542864
0.015104760324884859, 0.014354173879863546
0.015096824658983866, 0.014477902341805546
0.015089397255097463, 0.01453751922945001
0.015081586072526713, 0.014428829951214844
0.015074520421181957, 0.014482827272175888
0.015067270847794977, 0.014457889872603682
0.015060394131546438, 0.014417979987986076
0.01505348166542561, 0.014442152343836145
0.015046579096958853, 0.014421714958105016
0.015039902608878447, 0.014517856404670562
0.015033023926961682, 0.014500510290820369
0.015026338135753143, 0.014497558287637428
0.015019891939601977, 0.01448387993775769
0.015012736736586027, 0.014529200222448193
0.015006036739890895, 0.014585692681306469
0.01499939921332193, 0.014425384457560845
0.014992317543622881, 0.01426149825469324
0.014985065143110585, 0.014078945426762314
0.014977989102855978, 0.014031225992024998
0.014971277160833615, 0.014003724460452244
0.014964364398565515, 0.013829672932083502
0.014957458836948018, 0.01371868377627736
0.014950629204512381, 0.013998975807872481
0.014943698263975532, 0.013903820640000689
0.014937043695693524, 0.013964852207137444
0.014930510078557686, 0.013988111591269345
0.01492375545786729, 0.014022097334226602
0.014916982593159005, 0.013845830878696787
0.014910253130352878, 0.013832715642500324
0.014903601400535036, 0.013979700992697592
0.014897407663470148, 0.013888378717849795
0.014890881392778655, 0.013853505574821075
0.014884441385207774, 0.013845985206493085
0.014877920493133513, 0.014023767352475933
0.014871290099679956, 0.013977476250880716
0.014865210265466427, 0.013964164059798575
0.014859215472783247, 0.014073209417575788
0.014853173251108435, 0.014176349402983658
0.014847207427989794, 0.014189593441594543
0.014841403365690682, 0.014125835516483502
0.014835281544886678, 0.014219968949583642
0.014828943766141599, 0.014317059337302004
0.014822161344908281, 0.014283793489703156
0.014815893003902483, 0.014346625866262237
0.01480954982733603, 0.01438252461124588
0.014803269732736268, 0.014500197683698337
0.014797490511209882, 0.014317048766468133
0.014791389380927441, 0.014371610682156774
0.01478541005812044, 0.014526347376007323
0.014779692898193067, 0.014456062403797983
0.014773684001339316, 0.01429810168168771
0.014767777763971361, 0.014372970208899912
0.014761829537613028, 0.014369201162314339
0.014755983969262478, 0.01442871042480027
0.01475016067331845, 0.014413229254528257
0.014744170034613814, 0.014514626849646812
0.014738222189425826, 0.014435257299391395
0.014732242851305314, 0.014536127543338849
0.014726496402763318, 0.014715890940430805
0.014720441637429145, 0.014703559084174552
0.014714717062430686, 0.014681116152527355
0.01470868557004477, 0.014672864015595881
0.014702702635634004, 0.014601175555400853
0.014696657823857104, 0.014571063361726387
0.014690620049744732, 0.01473790623919076
0.014685018654016516, 0.014621930243567494
0.014679144777526024, 0.014579084580232092
0.014673929699625266, 0.014607398226818967
0.014668403120741427, 0.014586232559688224
0.01466280967241651, 0.014695560614992297
0.014657110910201655, 0.01465847569261638
0.014651402811287574, 0.014616049040615834
0.014646245796661952, 0.014389396334574542
0.014640509974703847, 0.014416280983300526
0.014635019655853598, 0.014346669585834478
0.014629196790644292, 0.014238376831830086
0.014623720247193864, 0.014276161836256067
0.01461812685333726, 0.014278489119207406
0.01461277572416201, 0.014051649226491443
0.014607592117790927, 0.014242507533537152
0.014602145587332695, 0.014063245769656441
0.014596262686360778, 0.013941856827716103
0.014590995204525548, 0.013914219220392007
0.014585021230344775, 0.01367867227651807
0.0145798553537645, 0.013719299858998677
0.014574736203771083, 0.013675299098835473
0.014569383613539766, 0.013542625147044855
0.014563712278501407, 0.013509387505802408
0.014558770541594414, 0.013460443263506061
0.014553659006945307, 0.013509922011068515
0.014548560408235938, 0.013487865911880862
0.014543504574711475, 0.01364538644719979
0.014537928392751179, 0.01373427297431315
0.014532993829033832, 0.013752113479694187
0.014527710844557002, 0.01387053348451243
0.014522716965035948, 0.013673100344539734
0.014517418562354296, 0.0136063330383972
0.014512250867865582, 0.013490958304851908
0.014507451844123559, 0.013549872457116032
0.01450232600139978, 0.013290178735860933
0.01449691857131047, 0.013335612992079717
0.014491592852106319, 0.013281406480125426
0.014486136263399283, 0.013220586411644851
0.014481032133385748, 0.013151866623340587
0.014476282553733783, 0.013045218603169104
0.014471355787291282, 0.013069454019239013
0.014466252533926588, 0.013108578393171453
0.014461119382120103, 0.013191005330164516
0.014456102429927514, 0.01333592088239099
0.01445124738714567, 0.013349451894460528
0.014446503445014348, 0.01334949324405018
0.014441453979028027, 0.013271524843211332
0.014436720843364876, 0.01333354827768417
0.014431667634601526, 0.013417259977186164
0.014426928460447207, 0.013452905839125421
0.014422335855757683, 0.013489180265255045
0.014417396084622032, 0.013254527470810379
0.014412794166483204, 0.01316366539794777
0.014408094352089177, 0.013329398387369606
0.01440331531243466, 0.013494417049933195
0.014398393519272025, 0.013537668606184761
0.014393716850857474, 0.01350574991351208
0.014389327785079179, 0.013392738531277842
0.014384693833539864, 0.013362297685612564
0.01438013832464344, 0.013355792095319133
0.014375408812327987, 0.013494184271687236
0.01437088966868491, 0.013567815010172662
0.014365761399181711, 0.01359628028837268
0.014361334076513452, 0.01359176764476641
0.014356925037107789, 0.013591205199490506
0.014352515273365302, 0.013703168253245883
0.014347658261065727, 0.013739921939526872
0.01434275276233041, 0.01363822073204837
0.014338039210554755, 0.013920569163597702
0.014333528545375526, 0.013802851093258482
0.014329063082480106, 0.013644496281040253
0.014324755489594453, 0.013938909211250513
0.014320599772361055, 0.01408068256469399
0.014316380316859546, 0.014001128124775468
0.014312159833332068, 0.013945345736594858
0.014307615927264952, 0.01377052812180366
0.014303564064709728, 0.013557154257945838
0.014299309263586057, 0.013461863016745733
0.014295004332672664, 0.013627890264981374
0.014291145415861503, 0.013616168081121685
0.014287136777748078, 0.013685074120882355
0.014282720442060519, 0.013697595521095065
0.014279010186402553, 0.013662162001278644
0.014275131345899793, 0.01370401619583358
0.014271082165260992, 0.013696272868294458
0.014266765016215549, 0.013706598137852287
0.014262913542118333, 0.013650183777203362
0.014258890746053673, 0.013719332290995383
0.014254608712057703, 0.013731106828212125
0.014250532160533225, 0.013663126387602583
0.014246525721832014, 0.013769731440166454
0.014242533035245588, 0.01373781567750838
0.01423876959741903, 0.01374054671285246
0.014235443403449814, 0.013653522689746407
0.014231900953041244, 0.013660527337455583
0.014227872615653113, 0.013648024255684154
0.014224416469533914, 0.013624424709815668
0.014220809580728204, 0.013622389000818578
0.014216900169956323, 0.013715604429035138
0.014213265520861218, 0.01369567407265725
0.01421000863699741, 0.013566815248112563
0.014206487288741635, 0.013533624474911916
0.01420294577864397, 0.013704142082673188
0.01419945809751612, 0.013653007259991894
0.01419610131808172, 0.013661229919141465
0.014192346868171429, 0.013654383319699415
0.014189216194719651, 0.013625281712560167
0.014185648814329781, 0.013835508127436455
0.014181959882768371, 0.013901487484486637
0.014178720332246243, 0.013861466489007988
0.014175019821421086, 0.013668784158589301
0.014171478111076424, 0.01381156369778388
0.014168187307418149, 0.013989631957434011
0.014164799197101981, 0.013962848035653576
0.014161440433294606, 0.013852363190123833
0.014157976931930365, 0.013825332854671586
0.014154699507600175, 0.01371332707811422
0.014151620783068026, 0.013752475981047289
0.014148042524290218, 0.013737673615290685
0.014144771835966886, 0.013516308451641057
0.014141732221707018, 0.013408410389104976
0.014138527490165734, 0.013400714229339703
0.014134731655706308, 0.013261692022484468
0.014131528260494236, 0.01346461233489543
0.014128301912819458, 0.013349669445994987
0.014125124009948198, 0.013462575342735279
0.014121473334747416, 0.013354022518077109
0.014117678572466943, 0.01336103719854599
0.014114613425096283, 0.013415889670389846
0.01411120899840194, 0.013266062948002892
0.014108342731284486, 0.013356446504646931
0.014105281830225651, 0.01332488345802815
0.014102137112564717, 0.01341068438823888
0.014098949109847174, 0.013430491600081576
0.014095779536689458, 0.013365452450236875
0.014092386151454611, 0.0133027547598836
0.01408911364696878, 0.01333814631987368
0.014085998026932138, 0.013266594256908949
0.014082580355582106, 0.013188714670732493
0.01407922816574911, 0.0132004284139989
0.014076108972085725, 0.013265194044117417
0.01407277370522272, 0.013229938919208623
0.014069629847601229, 0.013489575990880015
0.014066511328888124, 0.013493278660035555
0.01406316647205777, 0.01335954347906511
0.014059310557195793, 0.013090999968831153
0.01405575988227721, 0.012921079112453548
0.014052537025297246, 0.012975154445294115
0.014049114711616316, 0.012907923453010372
0.01404565426461327, 0.01288551036097754
0.014042360463156297, 0.012994492675818094
0.014039050956792568, 0.013021967638504014
0.014035302751733241, 0.013344040999232316
0.014031905318489524, 0.013351532181720742
0.014028339075703243, 0.013208210091399357
0.014024626622192341, 0.013323552122602257
0.014021337429621451, 0.013429154776731612
0.014017895971672122, 0.01318980361649732
0.014014798654521788, 0.013272375969907725
0.014010908698012295, 0.01332715407015742
0.014007462806254272, 0.013273472360786668
0.014004059906671725, 0.013280593181094088
0.014000583424012182, 0.01336812413873928
0.013997265109555467, 0.013450207379600383
0.013994058212708726, 0.013364060703635142
0.013991064779242685, 0.0133123557488591
0.01398812301405524, 0.013309472214531165
0.013984973902806851, 0.013263803600727727
0.013982346141536425, 0.01330364998120852
0.013978902265044345, 0.01331809684476854
0.013975804144819304, 0.013397468196558272
0.013972571262469702, 0.013359622778763108
0.013969355302734035, 0.01319447362557376
0.013966204083932062, 0.013159767245359569
0.01396319926432227, 0.013206818445883495
0.013960467417158031, 0.013108931385789871
0.013957086633363192, 0.012948015646393947
0.013953980104607987, 0.01311225676839324
0.013950652120570124, 0.012898822654617222
0.01394742513803815, 0.013036232696650276
0.013943868872160958, 0.013064339379787161
0.013940473936627427, 0.012947594735369829
0.01393766444496162, 0.01283556994401782
0.013934213290791642, 0.01269955151048124
0.013931444468764594, 0.01279490422976036
0.013928528735048976, 0.012816210980737187
0.013925928310307523, 0.012922280014765338
0.013923293271735422, 0.01293053598297519
0.013920477061554845, 0.012923258282532428
0.01391772532987226, 0.01299069412730693
0.013914608755584805, 0.0130734860601908
0.013911862138790497, 0.013076009237390931
0.01390952354756664, 0.013018616144421154
0.013906969203542292, 0.013078284052736974
0.013904106000155311, 0.012984672431000141
0.013901657179826743, 0.0130527529803745
0.013898955926552794, 0.012964520251783185
0.01389629176390467, 0.012887546265200002
0.013893694913539999, 0.01282471672610222
0.013890766575602289, 0.012895558263261624
0.013888194288038374, 0.012820573301308365
0.013885376678586962, 0.012789527079343142
0.013882726504741521, 0.012989354011419837
0.013879681381689532, 0.013181544857610389
0.013876967281721346, 0.013038825834334345
0.013873976702054829, 0.013074286184443253
0.013871347653769631, 0.013212434813486426
0.013868787792758228, 0.013377089566483558
0.01386595153376556, 0.013244215332937227
0.013863228320645512, 0.013092387497641175
0.013860171864666733, 0.013168360531193742
0.013857548512106403, 0.013134617756624466
0.013854812650697088, 0.01309047557078223
0.01385253609443438, 0.013199594897526461
0.01385005074579541, 0.01324248759640398
0.013847249814038384, 0.013200286022638275
0.013844684183957292, 0.013138530745779456
0.0138416710499852, 0.013115355182723273
0.01383907124743057, 0.012934514001485696
0.013836567957830127, 0.013013428016627861
0.013833828222529416, 0.01287914499883146
0.013831250466673354, 0.012891797558771047
0.013828758841699403, 0.01293050826408352
0.01382632886150283, 0.012977449855323732
0.013823961281522714, 0.012846924810783212
0.013821810928270742, 0.01299861603875223
0.013819349121473874, 0.013037788231831828
0.013816881115799977, 0.012959201300723262
0.013814447854701994, 0.012802835230288216
0.013811761517693262, 0.012870628082659687
0.013809333280602406, 0.012735596965089172
0.013806417332864244, 0.012734875581001335
0.013804346147633229, 0.012696954908649595
0.013801600519628079, 0.012850161182908989
0.013798567166531838, 0.0127887921924088
0.01379604872840154, 0.012948812070177396
0.013793189973703397, 0.012898390521480375
0.013790692830479324, 0.01283091708999244
0.013787982084096264, 0.012954860095832146
0.013785531270710317, 0.013147799450739761
0.013783023608048381, 0.013120521970826369
0.013780233378708357, 0.013111645685669292
0.013777607564036004, 0.01313358393582602
0.013774487760301551, 0.013126210115193201
0.013771808489272409, 0.01293739790935028
0.013769171987848836, 0.012871116300902442
0.013766564700851303, 0.012914354556160234
0.013763937054815656, 0.012976006317409968
0.013761355534527259, 0.012981792031028595
0.013759121631372087, 0.01294494857101543
0.013756272784903888, 0.01307891870594908
0.013753744615798985, 0.013031178712335294
0.013751412866471946, 0.01312560045571739
0.013748933112622316, 0.013206126520893797
0.013746767195396043, 0.01309488325422053
0.013744159937574087, 0.01309990883407545
0.013741968227451893, 0.013161326514368979
0.013739879686523536, 0.013103267458075111
0.013737537838103166, 0.013174713526013149
0.013735052100947722, 0.01307203779256409
0.013732707035012755, 0.013277650068277304
0.013730678772222633, 0.013212200946374056
0.013727929485357364, 0.013566815660643387
0.013725955472019633, 0.013516425945689144
0.013723370586363139, 0.013379634090770816
0.013721196017706383, 0.013299039954601825
0.013719393459159568, 0.013066415765534911
0.013717212834583166, 0.013049536560332326
0.013714422760685553, 0.013029712929414471
0.013712108471562498, 0.012972347250231697
0.013709720139069645, 0.01309128927208007
0.013707385567728264, 0.012934942513429871
0.013704898654951581, 0.013195943251214846
0.013702604398725421, 0.013038980826618772
0.01370026106632571, 0.013058326261689485
0.01369772655480509, 0.013199884569936789
0.013695364252686413, 0.013196022623645672
0.01369290460742095, 0.013180456840391838
0.013690636006313874, 0.013143759899769344
0.013688354406301393, 0.013069233226688811
0.013685997674159463, 0.01314615501418462
0.013683348396427453, 0.013141505770056105
0.013680671877999956, 0.013053716969754782
0.01367818317798709, 0.012753509556044398
0.013675604152379518, 0.012699147610443
0.013672889761759434, 0.012678223614360443
0.013670464968567298, 0.012685431535357523
0.013668184610651274, 0.012829112717769656
0.013666045142090844, 0.012751356538769035
0.013663970609565316, 0.012692672652657715
0.013661738971751852, 0.012605701102613559
0.013659518185184858, 0.01254678251044313
0.013657586555720002, 0.012697657792546104
0.013655411509895085, 0.012796761211361826
0.013653457886661934, 0.012802193237224499
0.013651540996195064, 0.012779962574330091
0.01364945984490371, 0.012805450657804635
0.013647474595078427, 0.012672813222065355
0.01364538761566084, 0.012702804544590775
0.0136434579940191, 0.01271073529971404
0.013641765243653785, 0.012744423423606216
0.013639729506577443, 0.012810763800364645
0.013637774719855987, 0.012871931970951673
0.013635804739101897, 0.01287192226031712
0.01363411755905832, 0.012912460008101222
0.013632120643045982, 0.012831292472542036
0.013630247046197069, 0.012822685226665726
0.01362830262954704, 0.012823333932752963
0.01362642274724083, 0.012778694578275436
0.013624583772054173, 0.012681188902711443
0.01362288724967146, 0.012827040552810223
0.013621172228455183, 0.012836046947633586
0.013619537764649045, 0.012838724744121049
0.013617844368200478, 0.012668627599372182
0.01361582462631974, 0.012611516884285669
0.013614162816089608, 0.012639106831165193
0.013612162292134125, 0.012611695533998666
0.013610658093816348, 0.012520707375915572
0.013609509816558072, 0.01236853531758268
0.01360769186050435, 0.012226567345612362
0.013605972203159757, 0.012227835186880115
0.013604601196251632, 0.012245961027547379
0.01360276278134396, 0.012161069164030949
0.013601116925480461, 0.012214718520982092
0.013599319504279277, 0.01221378356885816
0.013597652416487922, 0.012414011611247978
0.013595789625198378, 0.01228962234965231
0.013594271826171875, 0.012276587861537586
0.013592695332884682, 0.012235323714654836
0.013591126218490582, 0.012193629978649527
0.013589543972211661, 0.012136027863097816
0.013587623581990513, 0.012144920737946933
0.013585900897749914, 0.01209500883752983
0.013584548721785583, 0.012390313561349495
0.013583050873536697, 0.012470466246047494
0.01358136206076719, 0.012514545871913562
0.013579819384458283, 0.01248379568746766
0.013578238513172677, 0.01238758131380137
0.013576438880573919, 0.012365395139122996
0.013574657190862422, 0.012275784939932777
0.013573000756902823, 0.012394480847961022
0.013571070483703082, 0.01226144136836512
0.013569230681017376, 0.012128750556021101
0.013567343571452714, 0.012017314385549633
0.01356550221247481, 0.012114083072836318
0.01356369056327762, 0.01207391025311329
0.01356232526436877, 0.012040757547663256
0.013560771731437665, 0.012187064861698934
0.01355881333591716, 0.012207467910209194
0.01355659111442602, 0.012326395713185558
0.013555164773101367, 0.012442373842663126
0.013553086232179011, 0.012472940425782602
0.013550838589820043, 0.012629825024841073
0.013549003015749923, 0.01275006831047495
0.013547302963879257, 0.012825798716161274
0.013544929855809226, 0.01284003393059747
0.013543104140711072, 0.012968414717214117
0.013541201506008889, 0.012822572945083027
0.013539372607559283, 0.012792699004013686
0.013537639256328778, 0.012712581351239541
0.013535393933239657, 0.012705477885239744
0.01353321052718703, 0.012566360507945545
0.013531220656549135, 0.012565379256589375
0.013529139374033274, 0.012735790372784613
0.013526648546133984, 0.01278160081121586
0.01352444048603062, 0.012816550033234371
0.013522222090077952, 0.012662803166989173
0.013520625045749616, 0.012454510550181309
0.013518448688194467, 0.012502146829750272
0.0135159944887943, 0.012541486782887239
0.013513808487606305, 0.012387879320420165
0.013511790221325481, 0.01236476087101031
0.013510286673281606, 0.012293894005071894
0.01350810382688055, 0.012233665888837305
0.013506221810715124, 0.012158994006826376
0.01350384285238325, 0.012208670328366597
0.013502044550475758, 0.012236108377631947
0.013500264319623218, 0.01244536016410734
0.0134977191510563, 0.012357299990484438
0.013495700623013978, 0.01250580043091187
0.013493747562011212, 0.012530954197057506
0.013491574855575067, 0.012618114950451698
0.013489770279741598, 0.012506101380107323
0.013487778797365117, 0.012525644868121107
0.013485707049292285, 0.012547756774780644
0.013483628025112741, 0.012679890319621698
0.013481960934637488, 0.012518744305581059
0.013479542157209291, 0.012367419064978864
0.013477792358372886, 0.012513839066315023
0.013475878070231368, 0.012454533684075382
0.013474160583424731, 0.012482056739494145
0.01347195951003055, 0.01239118691313376
0.013470110064912923, 0.012304030861999007
0.013468689447489711, 0.012308475503438629
0.013467307787755789, 0.012070564578225602
0.013465495101474776, 0.011986722888984705
0.013464062480011599, 0.011911058171621053
0.013462075642763251, 0.01187150357578024
0.013460701679261508, 0.011915723544102443
0.013458894141803233, 0.011991738860634461
0.01345734348451426, 0.012154706628107057
0.013455450549034633, 0.012213384806299134
0.013454119921231047, 0.012433674212350934
0.013452617171182414, 0.01238015015189785
0.013451259795538783, 0.012174674400132047
0.013449557011296744, 0.012306107249874678
0.013448430741990331, 0.012513230844772785
0.013447310543312592, 0.01259150594613319
0.013445936585787079, 0.012442783401860981
0.013444494122157986, 0.012571904711519212
0.013442693378125136, 0.012639416385563353
0.013441414763912276, 0.01284391110330494
0.013439856363702634, 0.012858303802813074
0.013438114288049202, 0.012583957347073332
0.013436592329488798, 0.012687075501565347
0.013435119717261138, 0.012656713423579054
0.013434139549444859, 0.012754520234510432
0.013432620960481662, 0.01291546707104438
0.013431226750305773, 0.012876640758461259
0.013429519554916088, 0.012734591912367798
0.013428014609488023, 0.012599358812678811
0.013426472212866901, 0.012686644357286992
0.013425118440278794, 0.012741598074706265
0.013423692069586232, 0.01276109299168315
0.01342253352076825, 0.012660309515550378
0.013421048309426595, 0.012879902529356212
0.01341983591566962, 0.012980495746160864
0.013418491380201219, 0.012964052566427195
0.013417210089779462, 0.012929799292577983
0.013416061302005287, 0.013010760587948823
0.013414305787170944, 0.013064757416820434
0.013412993979838113, 0.013008492061433159
0.013411817657991565, 0.01298137104699762
0.013410664401047158, 0.012888362526267199
0.01340921297012159, 0.012967072705479794
0.013407640989248426, 0.013045880770068019
0.013406135223727961, 0.012951078903986923
0.013404500624978055, 0.013144257360515044
0.013403043892752412, 0.013042695106609659
0.013401738550923368, 0.013112622574844263
0.013400123953931201, 0.013404795388655834
0.013399058061106587, 0.013211066626350222
0.013397701538073237, 0.013363336317476453
0.01339595097878401, 0.013311391883403958
0.013394573826028168, 0.013217917679105929
0.013393463277791158, 0.01337223412553575
0.013391814716881003, 0.013256193182230208
0.013390345163497663, 0.013268831980485164
0.013389485421310389, 0.01318514146474792
0.013388147330583524, 0.01335554432772392
0.01338681682804622, 0.013309504448111251
0.013385077976101313, 0.013321154645168008
0.013383477976715637, 0.01327962555676963
0.01338175961309004, 0.013125201701164803
0.013380255027442263, 0.012986059409715237
0.013378943777736513, 0.013176667153383868
0.013377693078109161, 0.012910101881789251
0.013375744486909086, 0.012801708290733453
0.013374373593609573, 0.012971194197428282
0.01337310980845812, 0.013070041966469307
0.013371609958591598, 0.012885770010626312
0.013370122002285111, 0.01314102204204415
0.013368912591908566, 0.013116006133518099
0.013367691902083, 0.013108992839373518
0.013366140230171467, 0.01317823089732664
0.013364884174883976, 0.01321011727398536
0.01336342854862884, 0.012951629708297585
0.013362074078428507, 0.012845837466733824
0.013360447027924386, 0.012784465575753726
0.013358980035374137, 0.012912579816400751
0.013357487071676506, 0.012939709727134048
0.013356181312663747, 0.012812668259325435
0.013354978181830917, 0.012906984791580516
0.013353325024398387, 0.012761663770045817
0.013352225242613891, 0.01271406742111627
0.013350786545238824, 0.01267286097388311
0.01334949600292092, 0.012609664120706144
0.01334856638867751, 0.012608801012923663
0.013347183380498485, 0.012811785568771532
0.013346284424490389, 0.012734364885542759
0.013345085404042525, 0.012839244227304517
0.013343531703752905, 0.01277298741101094
0.01334198421417349, 0.012837009753786986
0.013341018161712702, 0.012634433718154633
0.013340069266199314, 0.012605435743461723
0.013339132184814747, 0.012633191166666705
0.01333850510375001, 0.012712075319161444
0.01333754199609466, 0.01270866923121825
0.013336640991318215, 0.012609296057888372
0.013335734514045188, 0.012629401550824582
0.013334968402681897, 0.012610297770141297
0.013333870141336171, 0.012646975778129512
0.01333287288817308, 0.012813018418502612
0.013331774875313682, 0.012869123620957738
0.013330868047601092, 0.012869346495482789
0.013329469461776688, 0.012800274500152557
0.013328032008370235, 0.012550215389790913
0.013326750251350022, 0.01237682677414196
0.013325803910589538, 0.012338252569510126
0.013324843441728577, 0.012347701949697785
0.013323789107949078, 0.01230834702972165
0.013322770335337603, 0.0124826710852542
0.013321798964726083, 0.012463843946063306
0.013320828263548488, 0.012428041139818718
0.013319834689124557, 0.012373495137232824
0.013318775650539152, 0.012575712248001365
0.013317234132512084, 0.012506765149418089
0.013316258448614685, 0.012581369612848043
0.013315688598149102, 0.012603039922972072
0.013314167769301916, 0.012527367480728585
0.01331317843848911, 0.01239719198959369
0.013312257759347064, 0.012417543424194091
0.013311536009484981, 0.012353389491951493
0.01331052959850213, 0.012523729254461054
0.013309576329758304, 0.01259307822129564
0.013308581882728949, 0.012753870085847675
0.013307760057801828, 0.012715109505652992
0.013306853914418713, 0.012591840686373347
0.013305734204051583, 0.012608677567839956
0.013304792664609046, 0.012549579076533864
0.013303540547658366, 0.012405723910406518
0.013302469520030483, 0.012624412113922606
0.013301427728450551, 0.012728146979935698
0.013300682557239554, 0.012789518117159102
0.013299779605164559, 0.012800574514516336
0.013299178895373069, 0.012620246875766513
0.013298669892372914, 0.01261533247040652
0.013297481042153269, 0.01242630491658075
0.013296766681325754, 0.01251237719226493
0.013295727889029961, 0.012702686431494126
0.013294745386865689, 0.012598750567517329
0.013293715245641775, 0.012666245787922064
0.013292852252252303, 0.012525606937551666
0.013291967465164317, 0.012508249733880742
0.013291208261916158, 0.012609213231782825
0.013290614364608369, 0.0127074719659162
0.01328989787974288, 0.01270568045539041
0.01328906675333081, 0.012836244352128044
0.013288423019270086, 0.012910779770015118
0.013286775261859689, 0.013038971711160465
0.013285736880897, 0.013024764983914295
0.013285000222203275, 0.013117175851243956
0.013284286424475957, 0.013104305583312976
0.013282699248246654, 0.0132126466824203
0.01328144537303441, 0.013104622020238588
0.013280731399371908, 0.012823262268550953
0.013279798388599547, 0.012713298152218234
0.013278823881199298, 0.012749965066883393
0.013277805203322711, 0.012680837146541325
0.01327688533610308, 0.012766676028072094
0.013276240225148218, 0.012730459804911437
0.013275343719975678, 0.012639671979141544
0.013274244850898067, 0.012635512923486211
0.013273200700048232, 0.012688756592983946
0.01327192525634734, 0.012665916077184059
0.013270467030781297, 0.012531747535120744
0.013269495692576868, 0.0125376536778308
0.013268776983203796, 0.012428289318393824
0.013267578281092466, 0.012509778686621209
0.013266451472783741, 0.012511411404949237
0.01326520137993688, 0.012368720792403544
0.013264064980985165, 0.012509249646715955
0.013263155888940106, 0.012298955679611043
0.013262061339138844, 0.01221952742569769
0.013261006719954508, 0.012349223431492177
0.013260364123997627, 0.012513464904946129
0.01325906717274214, 0.01256403916538804
0.013258354496086575, 0.01264912600016899
0.013257611351437486, 0.012698086573360875
0.013257003796965148, 0.012739173301262247
0.013256250692574724, 0.012716265735903995
0.013255709669859415, 0.012596531974883673
0.013254877681577376, 0.012474036107016325
0.013254269322659228, 0.012432131923411645
0.013253352613538452, 0.012451886162213427
0.013252678096515183, 0.012336276112359027
0.013252084914763974, 0.012537655667861974
0.013251501613972923, 0.01266373962200176
0.013250787606590046, 0.012429066048007165
0.013250356737505749, 0.012387107967152358
0.013249373622651769, 0.012180892822372696
0.013248788572058122, 0.012125128267295579
0.01324776977677326, 0.012175700772472044
0.013246694934070201, 0.01231997273008973
0.01324542097800627, 0.012423541392613612
0.013244657444415567, 0.012522715935745153
0.013243838217396494, 0.012607969665647055
0.013243213745107736, 0.012531638824444828
0.013242487982274034, 0.012512428510110234
0.013241838170786465, 0.012441577989695845
0.01324077930611182, 0.01248028016519444
0.013239668751606332, 0.012519094070321785
0.013238879872036743, 0.012424059614015354
0.013238003398942379, 0.012403540780149623
0.013237021492994668, 0.012233999118639326
0.013236116352161029, 0.011998246523882376
0.013235502968876524, 0.012265222931120713
0.013234673305292512, 0.012408293626357952
0.013234121734096362, 0.01250392956121156
0.013233380499036475, 0.012517385376754822
0.013232738114360631, 0.012709212863576472
0.013231878955882535, 0.012725343990681237
0.013231181208285111, 0.012771069475995546
0.01323052329381531, 0.012890407335078808
0.013229989549048018, 0.012865704695605199
0.013229653818434571, 0.012594599090341163
0.01322888031727443, 0.012555613195458138
0.013228570437528885, 0.012500312268628085
0.013228105936397044, 0.012319476820426743
0.013227639673209305, 0.012286551704508339
0.013227233438682783, 0.012245165884175466
0.013226704868728092, 0.012289892760235082
0.013226205088920667, 0.01254493568560173
0.013225514251063912, 0.012678475337515304
0.013224979265824386, 0.012678953638759597
0.013224249010661474, 0.01268255702786709
0.013223661099302857, 0.012756329316689352
0.013223371890779552, 0.012571985731362086
0.013222443636191517, 0.012618472708930902
0.013221839821724713, 0.012683946758567818
0.013221449757371906, 0.012765264413084421
0.013220865736638667, 0.01256811140828968
0.013220039656951465, 0.012347960443427388
0.013219254816649385, 0.012461594368485807
0.013218199827558178, 0.012463712216516855
0.01321780795351814, 0.012484038938546353
0.013217249364392763, 0.012568758101847856
0.013216588224553955, 0.012471821935150357
0.013216298842412145, 0.012634749332638258
0.013215900496573632, 0.012872456159057341
0.013215245646839298, 0.012990991743027803
0.013214566728194408, 0.01306131193543126
0.013213908861115838, 0.01311537977259068
0.013213088320985479, 0.013040437395470096
0.01321245565427489, 0.013140611328361548
0.013211764028802154, 0.01323644217639501
0.013210699176499441, 0.013255110681352156
0.013209737407598258, 0.012977331109919887
0.013209063632329194, 0.012965101586499354
0.013208476241341109, 0.013051389754676405
0.013208173528788298, 0.013200526781030036
0.013207237469320099, 0.013023130075732657
0.013206482075686891, 0.012896231551514046
0.013205476913423797, 0.012754299899258538
0.013205010608419889, 0.01278540746175211
0.013204252942599352, 0.01273468381938424
0.013203479631547275, 0.01267238796696964
0.013202864873637995, 0.012494334722255983
0.013202359583022166, 0.012483386049282024
0.013201768944243708, 0.012535687787015125
0.013201241384262484, 0.01262535601987398
0.013200553905845966, 0.012589421528834728
0.013199860279624932, 0.012758281987524248
0.013199132024059567, 0.012874037804450822
0.01319831322011326, 0.012978497167376405
0.013197340164190304, 0.01288577783898468
0.013196036253329437, 0.012821793201605359
0.013195312827948735, 0.012821240552475988
0.013194384399979176, 0.012918385292541284
0.013193764711742731, 0.012992738782590715
0.013193203493774291, 0.012779698212334024
0.01319265088289992, 0.012849611097310967
0.013192004251467035, 0.01280677620173691
0.013191441824299582, 0.012735986475273216
0.013190346469279036, 0.01260732002553723
0.013189589869268947, 0.012623924772744618
0.013189181560773361, 0.012585085959626378
0.013188454269829402, 0.012680751320728486
0.013187964587571458, 0.012688837099630536
0.013187027497955486, 0.01289198887557971
0.013186353745243825, 0.012964255171172286
0.013186318112107562, 0.012785159605045782
0.013186076923718162, 0.01285952988654717
0.013185429692728474, 0.0128042167565012
0.01318509225836777, 0.012791735001284646
0.013184413921606436, 0.012703904371782765
0.013183662375126083, 0.012858708737831936
0.01318251777836296, 0.012750796974756494
0.013181878761846552, 0.01272055039375471
0.013181100301983354, 0.01279566687158433
0.013180205234085862, 0.012629956908448037
0.013179522764462779, 0.012499830238611656
0.013178715085835416, 0.01254613083733161
0.013177252563004595, 0.012478141829525202
0.013176843650455546, 0.012540965820823303
0.0131765024247278, 0.012632918860796491
0.013176191600587183, 0.012575379128128672
0.013175663189353029, 0.012623173536116347
0.013174713088219171, 0.012868139925227649
0.013173784956273197, 0.012792955485684467
0.013173059426098132, 0.012759316896571199
0.013172277160942146, 0.012406212325373752
0.013171440327133025, 0.01232566974643288
0.013170778409523602, 0.012286285736936627
0.013169808911920504, 0.012375539847115823
0.013169230738574384, 0.012404262052067962
0.013168569481159423, 0.012385320156791056
0.013168236176841408, 0.012287880645286377
0.013167712071149163, 0.012110877673358295
0.013167305069410941, 0.012129188140490153
0.013166682660618491, 0.012047973794825417
0.013166004523163242, 0.012199065229681037
0.013165210938024466, 0.012183809169924857
0.013164482880982495, 0.012450075429857536
0.013163983226562348, 0.012330426121825003
0.01316325405275851, 0.012319597609818708
0.013162586168910471, 0.012296074142667854
0.013161952816525718, 0.012224404223560678
0.013161180864574833, 0.0123790526980655
0.013160444015633948, 0.012642267497738119
0.013159467427057026, 0.012725705773146382
0.013158389397374714, 0.012827058880020314
0.013157384231734294, 0.012857918438176066
0.013156486178984619, 0.012845634538609218
0.013155434286232465, 0.012715862012765724
0.013154737431220106, 0.012672484852159696
0.013153875475558104, 0.012590095153212385
0.013152971983696544, 0.012513330481171895
0.013152348622196493, 0.012573649654906819
0.013151356722654758, 0.012750673305965899
0.013150712105969612, 0.012621900684865852
0.013149635186846597, 0.012640593213942933
0.013148677813072067, 0.012712252958228382
0.013148176380435615, 0.01277702074511191
0.013147055081900987, 0.012584448701749986
0.013146130013510036, 0.012712341061117837
0.01314549357619796, 0.012781091582777517
0.013144622538533804, 0.012745280292523305
0.01314369966291157, 0.012730944276995787
0.013143270857362258, 0.012756452773425138
0.013142624621018159, 0.012766475938909142
0.013141820171029826, 0.012852337847776098
0.013140943298741421, 0.01300644106424514
0.013140010793780035, 0.01277561759159861
0.013139402392887667, 0.012797595705673223
0.013138503339204778, 0.012850655704085246
0.01313778375658947, 0.012820250228542282
0.013137055177524134, 0.012722653978247477
0.013136130135708468, 0.01280163272862508
0.013135134986596029, 0.012891649316937268
0.013134104645010953, 0.013027381713058846
0.013133770566484305, 0.013213046918685417
0.013133371081858341, 0.013081399466989396
0.013132623031172233, 0.013076708042082138
0.013132125496488794, 0.013008179765707211
0.013131621963066303, 0.012924228612379093
0.013131000060921987, 0.012970896227170809
0.013130375538213964, 0.01295400194623599
0.013129757456619701, 0.012949969204583422
0.013129374361987418, 0.01298072506602436
0.013128992944369476, 0.012894065174229405
0.01312828285818659, 0.01308939112354876
0.013127830624264494, 0.012938724957667342
0.013127517586114596, 0.012795512922024122
0.01312701934834205, 0.012723478328694922
0.013126032747440484, 0.012756447987224598
0.013125383933291901, 0.012753562356581245
0.013124651785505294, 0.012620967164039324
0.013123940913402968, 0.012520806279823216
0.013123210772718647, 0.012498248914424937
0.013122752095995682, 0.012463391253785478
0.013122001759631612, 0.012553182292507849
0.013121558047702438, 0.012566745496872297
0.013120692871422639, 0.012576508424948571
0.013120058308749504, 0.012667374272376002
0.013119787116739482, 0.012427746475429047
0.013118958696435343, 0.012520114703613531
0.013118194157131132, 0.012527202451537187
0.01311757125068668, 0.012552451382777769
0.013116521538651286, 0.012444887690154975
0.013116005698427035, 0.012568788820762001
0.013115733882782187, 0.01276563796593319
0.01311529835191941, 0.01289646932457265
0.013114538680278799, 0.01289252821836288
0.013113958180255679, 0.01279843197092752
0.013113548725061751, 0.01259424556030487
0.0131129642178325, 0.012497903233990238
0.013112739347764139, 0.012438562549354243
0.013112208976346568, 0.012240210803814716
0.013111689386423429, 0.01227801679438752
0.01311125943403579, 0.012209670129174562
0.013110711172615275, 0.012152054353050468
0.013110070095639914, 0.012236305198408988
0.013109574674669227, 0.012168537143823504
0.013109368796176225, 0.01232266989440427
0.013108554040052041, 0.012462293978161182
0.013107864371450176, 0.012396181247289773
0.013107481070482822, 0.012462609004482275
0.013107222179918682, 0.012196014429607452
0.013106611965713243, 0.012110300388013353
0.013105830989505532, 0.012102743130920865
0.013105446799773029, 0.012084418290926099
0.013104556777542825, 0.012102699221833938
0.013103898231140415, 0.012048971491363471
0.013103368088596877, 0.012082454819221908
0.013102928540139934, 0.012186097806784917
0.013102552154025714, 0.012289999034225015
0.013101961224710499, 0.0121598891092208
0.013101086299687648, 0.0121841976583417
0.013100516610367374, 0.012045682068461428
0.013100017473190964, 0.012035900899381235
0.013099726606131038, 0.01210652259744179
0.01309916775369778, 0.012077669267929084
0.013098563263630571, 0.012004908744305005
0.01309776422898224, 0.012171099146754214
0.013096842973340633, 0.0121764038718886
0.013096087478937651, 0.012274667272543682
0.013095135842590587, 0.012181662028631234
0.013094117356728337, 0.012082963123685354
0.013092893120791869, 0.011910824009768986
0.013091609504898722, 0.012074459107627354
0.013090691184678439, 0.012288050445941891
0.013089409325407683, 0.012198350617924502
0.013088317496182519, 0.01200974302947274
0.013087532922803279, 0.012071458883252107
0.013086767979816326, 0.01213790097279699
0.013086222001206791, 0.012021914318947051
0.013085587950221566, 0.01185098639549826
0.013084783221599346, 0.011708444630310214
0.013084253686718847, 0.011964192567087084
0.013083705128168595, 0.012094197594073897
0.013083301051586473, 0.012164047717112356
0.013082461996876087, 0.012231651792101469
0.01308161551557255, 0.012260631269476317
0.013080920600448614, 0.012244287798241774
0.013079915446547184, 0.01234496808688341
0.01307913701620951, 0.012419820618545458
0.013078502421496073, 0.012581624165885508
0.013077650568810722, 0.01261864208823041
0.013076755436044599, 0.012662720918210413
0.013075746210395688, 0.012715520152947354
0.013075080785778006, 0.012642905548617104
0.013074011180498443, 0.012625006227796514
0.013073081356049891, 0.012441883148384689
0.013072211731831035, 0.01271331975593392
0.013071460017074923, 0.012542780657813748
0.013070468251377138, 0.012582069723900339
0.013069612789975621, 0.012496942328367283
0.013068515804578653, 0.012469151273421047
0.0130676892779814, 0.012440101972110311
0.013066413244521843, 0.012300751085003843
0.013065487179149033, 0.012375956621441864
0.013064606305205033, 0.012640063329097534
0.013063555220476489, 0.012507231668481241
0.013062469485631204, 0.012425521954525507
0.013061108029358132, 0.012428116520480523
0.01306006236793064, 0.012466451194634853
0.01305928883703195, 0.012431247690697436
0.013058596119020221, 0.012365148764772916
0.013057703028614176, 0.012329391194083258
0.013056833576677113, 0.012168121126453584
0.013055785836752567, 0.012383042744032081
0.013054643157751148, 0.012337177344973378
0.013053909185096108, 0.012202314247525407
0.01305294059242713, 0.012304954327905043
0.013051669303869085, 0.012513624802920712
0.01305104242741598, 0.012579410942997601
0.013049754591608434, 0.01255018421001028
0.013049014957893889, 0.012542408958593121
0.013048080146399308, 0.012581580246485669
0.013047009074608398, 0.012416625848830737
0.01304655329352866, 0.012610315164444797
0.013045830105849665, 0.012662861170342035
0.013045236354063895, 0.012652847909685225
0.013044251734765939, 0.01250971862880526
0.013044115463155275, 0.01230686136410673
0.013043338092436296, 0.012048177473846953
0.013042078157668974, 0.01227774770014617
0.013041497034166254, 0.012344209844166376
0.013040627020964616, 0.01216748549897673
0.01303977892022185, 0.012237961858551376
0.013038818415163822, 0.012153685083126512
0.013038425173862538, 0.012078015866967481
0.013037899897121535, 0.012188300685345842
0.01303736552784407, 0.012412173515703156
0.01303640849768295, 0.012402449888811517
0.0130354727859457, 0.01232398507528587
0.013034768286510382, 0.012249273086860179
0.01303404725871586, 0.012410867965059877
0.013032932495214367, 0.012526145391048613
0.013032235647762928, 0.012519393678285778
0.013031737374112711, 0.012559564857001068
0.013030948125171693, 0.012674017487617886
0.01303032324786195, 0.012550342171061091
0.01302927689721012, 0.01268697400665389
0.013028447303957668, 0.01278311545873889
0.013027324467656245, 0.012696754914896129
0.013026538257167757, 0.012675776233377421
0.013025392559190047, 0.012712438157825995
0.013024458787284135, 0.01284620985647861
0.013023422077197389, 0.012574956855242616
0.01302245844813277, 0.012663578656917793
0.013021631663696792, 0.012734595003483541
0.013020587997417319, 0.01260299455436951
0.013019735042869728, 0.012561623823076058
0.01301886920002542, 0.012510420976857981
0.013017851118306993, 0.012634342626926743
0.013016790329521195, 0.012628391610580873
0.013015834497811955, 0.012314874942036971
0.01301441883990267, 0.01243137712829631
0.013013801503465039, 0.01235615898517524
0.013012816429539163, 0.012543701768147505
0.013011919851094553, 0.01270200196599056
0.013011369161094126, 0.012643336370332443
0.013009848834918543, 0.012745047637033458
0.013008964428620923, 0.012883383273181304
0.013007723389134274, 0.012815495825328722
0.013006897831476101, 0.012598604759456017
0.013006417521660001, 0.012522708539557963
0.013005637251174294, 0.012636593851816988
0.013004729319300095, 0.012654557713144297
0.013003885384991547, 0.012657507735064981
0.013003090929321936, 0.012460781816823254
0.013001819620882923, 0.012543418816091065
0.013000986505065808, 0.012353506833676893
0.01300001067865549, 0.012047020620659146
0.012999183112074146, 0.011974939341540003
0.012998631066821208, 0.01204263617710091
0.012997859447468257, 0.012192617702658578
0.01299693035243909, 0.012143162432263164
0.012996539583323153, 0.01215505604437224
0.012995490741989038, 0.01249900952614125
0.012994706214982839, 0.012407367040800608
0.012993989771456632, 0.012266680279994691
0.01299298449729833, 0.012292074243300661
0.01299209958455511, 0.012625616912068205
0.01299130024216335, 0.01252708850238733
0.01299027487573606, 0.012576137715822692
0.012989074125183766, 0.012778690562334076
0.012988465165446543, 0.012739526058555798
0.012987552237914765, 0.012718754239451468
0.012986480637291596, 0.012692597725061927
0.012985617498031014, 0.012548888245113727
0.012984823144279675, 0.012459550259828754
0.012983435321271919, 0.012413190377607207
0.012982873459841466, 0.012406283141254713
0.012981812343761692, 0.012343799263451877
0.012980973217136307, 0.01236564209378003
0.012980111141530656, 0.012497888395860527
0.012979116854893311, 0.012641750901040017
0.012977869637405211, 0.01257329487307797
0.01297670246187744, 0.01253195306773871
0.012975816300819377, 0.012655686154900453
0.012974778055595862, 0.01248140461268701
0.012973711395864824, 0.012395581205865775
0.012972425000181606, 0.01235445418560033
0.012972030611129587, 0.012451025342127909
0.012971498211698221, 0.012248236147444332
0.01297105811718577, 0.012132039253776958
0.01297038930086669, 0.012050092743460599
0.012969558383243875, 0.012117325370292713
0.012968674939106912, 0.012089928809502758
0.012967992588582484, 0.012029392291550256
0.01296739478572758, 0.012029860974917105
0.012966762713368277, 0.01205989890303412
0.012965836307148471, 0.011832991525089528
0.012964695583040826, 0.011877321649015825
0.012963608928085065, 0.011945632995596086
0.01296248318728216, 0.012012816782740554
0.012961559949222276, 0.011966094137125016
0.012960749843128158, 0.011845696689417807
0.012959661050444868, 0.011949116092853667
0.012958889603048826, 0.011863114959423089
0.012957928678638382, 0.011830777771656732
0.012956870127566177, 0.011793303507947614
0.012956007028960255, 0.011853377441683027
0.012955410248308397, 0.01178314127243406
0.012954543009965635, 0.011799779179382583
0.012953856006078124, 0.011928107207657995
0.012952952730232224, 0.011717335411631622
0.012952311018421205, 0.011875532173370552
0.012951855944471227, 0.011986232460353772
0.01295126213998611, 0.012097989711413945
0.012950601316092972, 0.012193258634046697
0.012949710861670275, 0.01222957257969975
0.012949246977461361, 0.01203849633763209
0.012948411245190819, 0.012072652370364737
0.012947491494600455, 0.012245171322250909
0.012946723189140058, 0.012502814857008685
0.012946059847686143, 0.012247491865847513
0.012945739279412302, 0.012150820417697834
0.012944971816805012, 0.012157216251639845
0.012944543414586271, 0.01205085099845889
0.012944288176782488, 0.011923010270540909
0.01294387415093259, 0.011914482981083203
0.01294343054200596, 0.011781268376137664
0.012943304569633758, 0.011935855202827526
0.01294294041553876, 0.011979923949993667
0.012942723139357308, 0.011906882013171399
0.012941827278789696, 0.011936396399559996
0.012941301902407736, 0.012069259129704508
0.012940672667669843, 0.012036504778467889
0.01294050627121489, 0.01219460537705031
0.012939329141479917, 0.012202131013530536
0.012938526529940495, 0.012177150460140024
0.012937795587274706, 0.012254065941604064
0.012937638167002129, 0.012280767708447906
0.012937380318401321, 0.012473614803655069
0.01293715493054377, 0.012705534336812069
0.012936546767930625, 0.012861750172196436
0.012936251662152898, 0.012868776122487557
0.01293584483128554, 0.012824651462542545
0.012935367706739545, 0.012959111558113032
0.01293492705748728, 0.012957618258531665
0.012934375633650788, 0.013037677022863955
0.01293379937084635, 0.013037793477849734
0.012933533452196121, 0.012739996311090643
0.012933081672125557, 0.012805980345182967
0.01293267244624194, 0.012723965784645493
0.012932290151111135, 0.012911478120441454
0.012931700343998452, 0.0127275606829281
0.012931399392829968, 0.01264590915478681
0.01293105286046841, 0.012789391892786866
0.012930771022423893, 0.01282475747845189
0.01293029972099352, 0.012867898788715573
0.012929857715484242, 0.01283239657341868
0.012930030316909551, 0.012607315282118012
0.012929699087611065, 0.012391257700916952
0.012929469524773682, 0.012411404956416608
0.01292947629032222, 0.012456461811406383
0.01292981178114436, 0.012343523370042934
0.012929613057448342, 0.012384776975251767
0.012929731553492446, 0.012417073007793867
0.01292987183467933, 0.012421147670363179
0.012929809030085995, 0.01222134164155217
0.012929796702979425, 0.01227981754299575
0.012930022599826403, 0.01237396884999089
0.012929983905943458, 0.012473222723926869
0.012929959055123535, 0.012487809928715907
0.01292994253743809, 0.012462410547797844
0.012929599188162288, 0.012434610322712904
0.012929413704333547, 0.012498124252171226
0.012929461006923165, 0.012305526000291193
0.012929416527387176, 0.01229453980773133
0.012929087000400212, 0.012482542438339985
0.012929035585906449, 0.012703780345836135
0.012929020677649072, 0.012907109269187016
0.01292899435648363, 0.012869922079218088
0.01292904623679519, 0.012867554906231437
0.012928882912064546, 0.012784287875028824
0.012928854008937316, 0.012707344132102526
0.012928640001152113, 0.0127450288844105
0.012928746603259603, 0.0128660826044873
0.012928869815178287, 0.012877497185897814
0.012928805030145403, 0.012888796458614293
0.012928810902251451, 0.01310934632883207
0.01292848002483689, 0.013170869804298919
0.012928675406438453, 0.013269455871439259
0.012928654801779078, 0.01315736208859778
0.012928800669523169, 0.013078224266052717
0.012928642584678527, 0.01314191345452387
0.012928604624310884, 0.013241909761038772
0.01292859824981962, 0.013270174190859753
0.012928802710177047, 0.013144019660623663
0.012928911548025326, 0.013167749256297549
0.01292899082571411, 0.013059925416722884
0.01292892555792509, 0.013014044848594824
0.012928751269249233, 0.012990467545062327
0.012928603377810323, 0.012956993496551564
0.012928492282042492, 0.012901870090810381
0.01292858231626571, 0.012863502527660596
0.012928641963265751, 0.012743574586511063
0.012928346821341427, 0.012686966235304378
0.012928484931163596, 0.012736969323896716
0.01292832645704328, 0.012738194317227133
0.012928151649099195, 0.012774831939088998
0.012927906623984693, 0.012784649737167997
0.01292767953800854, 0.012667106823135254
0.012927542334217283, 0.012605038424039296
0.012927517579546757, 0.01246562602472756
0.012927450459996877, 0.012544234215985755
0.012927570378155031, 0.012583475259420818
0.012927559431006604, 0.012556932330885248
0.012927847609880609, 0.012307792071939173
0.012927746837657466, 0.012372436698751446
0.012927923441665575, 0.012538338749347556
0.012928011972901304, 0.012514742008743767
0.012928051162485292, 0.012525990421410033
0.01292814808526874, 0.0125713467069092
0.012928046314426447, 0.01263923832380968
0.012928040973298952, 0.01269729736445183
0.0129281149554619, 0.012596904725099155
0.012928264675132105, 0.012734725328540973
0.012928118559013924, 0.012904435164596143
0.01292804517082327, 0.012854318501181492
0.012927890354174106, 0.012855374867402923
0.012927616151312068, 0.012812475257701092
0.012927117072562621, 0.012864217818473248
0.012926924289744294, 0.013046723767424807
0.01292635942196736, 0.012963047606088693
0.012926499103929345, 0.012906680297816275
0.012926147171338666, 0.012844586994784817
0.012925707370469807, 0.01313656880691042
0.012925505739354862, 0.01314358137681626
0.01292540417269522, 0.012876818194277828
0.012925377880637672, 0.01303540312946347
0.01292507385640983, 0.012970147267757703
0.01292501133527056, 0.012794787423563412
0.012924785977042452, 0.012602809075020642
0.012924526886871011, 0.012490982325919754
0.01292427817625022, 0.012575932478772095
0.012924366271699976, 0.012598914992025426
0.012924239611225803, 0.012854758953136956
0.0129240960148604, 0.012954966442789864
0.012924024476729612, 0.012873829838240829
0.01292414547693921, 0.012815436134275708
0.012923955522265631, 0.012930948954502962
0.012924079477350822, 0.01276367500780592
0.01292436570742906, 0.012789474514649232
0.012924349730135723, 0.01300454691832545
0.012923946990185856, 0.012901633929960656
0.012923915031652827, 0.012944653269056637
0.012924386752621253, 0.012893422987874752
0.012924269371975574, 0.012868848961983752
0.012924443129695143, 0.012708102680769268
0.012924724047106161, 0.012641982445115968
0.012925124571945175, 0.012520536054012007
0.012925376552792611, 0.012414498743563793
0.012925630871831241, 0.012674191911911575
0.012925631874687064, 0.012828471103778742
0.012926059483078633, 0.012911661178696663
0.012926269973639794, 0.012970790402743602
0.012926370285293682, 0.013039326074667004
0.012926128633142586, 0.013147344817573224
0.012926116549342241, 0.013204113447469268
0.012926239723060081, 0.013243315050056848
0.01292587231627779, 0.013186185330736403
0.012925985696675472, 0.013057507576736503
0.012926156963929562, 0.012952242996652145
0.01292615782338084, 0.012730310893011647
0.012926254793301612, 0.012601185919012029
0.012926150809034509, 0.012666616875084163
0.012925987335504013, 0.012749721445504776
0.01292571927712208, 0.012453524950817493
0.012925432528797133, 0.012565723201907925
0.0129249702672712, 0.0125388503306787
0.01292451571593079, 0.01265210666552535
0.012924229527048737, 0.012540634430442775
0.012923792547922468, 0.012507833247469976
0.012923200237388755, 0.012691161394001971
0.012922844674459805, 0.012757048390034638
0.012922420594306542, 0.012665988673215566
0.012921892027814066, 0.01260929398307413
0.012921601084011589, 0.012594330512912956
0.012921060758219097, 0.012569068559701215
0.012920670511784504, 0.012448680390048534
0.012920419458381826, 0.012422674008889903
0.01292002569076407, 0.012585259109104808
0.012919460421217084, 0.012540162887086996
0.012919062822008108, 0.012607993484760317
0.012918713794417462, 0.012775966985247397
0.012918403021694797, 0.012641629579167583
0.012918132908847961, 0.012769938953879494
0.01291736362681635, 0.012798207708330024
0.012917080903945673, 0.012729170434685768
0.012916842429415753, 0.012641430336737751
0.01291644565293838, 0.012338247451330208
0.012916045306210067, 0.012396748837022334
0.012915835506267069, 0.012487771923803253
0.012915259119284232, 0.012461440474410255
0.012915067860792408, 0.012499103548113715
0.012914626896932693, 0.012509700103687573
0.012913779494233951, 0.012352986053597552
0.012913122992286438, 0.012291672341980892
0.012912575200602046, 0.012212664775128302
0.012912327238674099, 0.01216195862916719
0.012911921316421512, 0.012087951481818954
0.012911099275837872, 0.012300861835725114
0.012911027430839482, 0.012407905405181155
0.012910565995107842, 0.012394055876853646
0.012910034772017543, 0.012415747026586797
0.012909527588109482, 0.012278186943976638
0.012908899684769732, 0.012269615074830665
0.012908277454335754, 0.012388033755388675
0.012907665075390347, 0.01237328829261023
0.012907362734667941, 0.012462997841185878
0.012907245607088974, 0.012411794868115627
0.012906912945529222, 0.0123997216161536
0.012906408013099802, 0.012242970605191684
0.0129055835627933, 0.012320693463529512
0.012904892927155838, 0.012410536755632588
0.012904184636955657, 0.012407039980524285
0.012903719253855228, 0.012565537486659163
0.012902863030768232, 0.01261452236556268
0.012902396794641021, 0.012461233714947513
0.012901653671623164, 0.012456313157866683
0.012901043708659028, 0.01231637984303292
0.012900378824518912, 0.012269910181546004
0.012900059275476515, 0.012084057106942613
0.012899734529189114, 0.01228606491937498
0.01289890087583645, 0.012177913016937847
0.01289815724366378, 0.012204181402794851
0.012897521706977553, 0.012508691877772317
0.012896717580012887, 0.012340877636474318
0.01289580116724827, 0.012329260749274451
0.012895253787067932, 0.01238676549183902
0.012894603159076862, 0.012431781429668606
0.012894200854165472, 0.012427138606606108
0.012893813135736974, 0.01233412888229861
0.01289359348111408, 0.012028904559208221
0.012893742191844573, 0.012180311037566633
0.012893705572231826, 0.012209007628927404
0.012893467049272812, 0.012181707603160008
0.012892983872915863, 0.011940963399072723
0.012892698106568944, 0.012149779988781105
0.012892174555949988, 0.012010321271285023
0.012892109904692552, 0.012311341997216037
0.012891861729738021, 0.01217031710980553
0.012891612087022164, 0.012100580870747384
0.012891143410812586, 0.01216000797619881
0.012890777807306271, 0.012204453926809264
0.012890431349809767, 0.01204004984014222
0.01289012059914785, 0.012083285320210217
0.012889824377526298, 0.011991420899430342
0.012889511334560925, 0.01192368957948206
0.01288937044221504, 0.011930866800446333
0.012889093745494145, 0.01210136061820559
0.012888603856169831, 0.012126697747893567
0.012888066984199389, 0.012034466950449995
0.012887802728565323, 0.012147125642865249
0.012887138287956014, 0.012127088998235808
0.012886934360067038, 0.012238767968142855
0.012886610707554716, 0.012318132011724861
0.012886339162003874, 0.012461568440428956
0.012885969244130156, 0.01243822380021983
0.012885520747808764, 0.012473317186402972
0.012885081869638937, 0.012320384018798263
0.012884869857472002, 0.01225159263350259
0.012884700594254374, 0.012254579536008454
0.012884250873498287, 0.012324575191235015
0.01288410855920959, 0.012247740280793836
0.012883737854181962, 0.012335900300936212
0.01288370147318933, 0.01246936058135592
0.01288339867033035, 0.012508046993623791
0.012883238228804154, 0.012588225831601876
0.012882806773546043, 0.012669619127676338
0.012882626474787115, 0.012644110845972256
0.012882743322269513, 0.012723256717173052
0.01288250945459127, 0.012643138363419296
0.01288183825128203, 0.01273598172935675
0.012881749723832317, 0.0127320057115796
0.012881609722802684, 0.012756219748204869
0.012881228039854902, 0.012522927636722192
0.012880941421321363, 0.012607190652891578
0.012880947159661945, 0.012556086698660039
0.012881099894451045, 0.01268627959597133
0.012880766649203583, 0.012829450186779954
0.01288038327074923, 0.012851018995326197
0.012880259243396568, 0.012881132219285909
0.012879934965417733, 0.012740349470379215
0.012879507584806578, 0.012668874390497105
0.01287932410493565, 0.012885431729096756
0.012878821614657513, 0.012841383420465627
0.012879050377405235, 0.012877117748356537
0.012879032874583684, 0.012959268288082412
0.012879003720258395, 0.012957639953693598
0.012878988027945978, 0.01295798655051363
0.012879367845223685, 0.012834356705728944
0.012879125792190324, 0.012694330648078195
0.012878937510237004, 0.012631788201473872
0.012879233133203698, 0.01265533823926162
0.012879212969021487, 0.012695737980162592
0.012878576074195847, 0.012650981667700106
0.012878598028469392, 0.012621086139747564
0.012878796344125382, 0.012471573234846956
0.012878566736499316, 0.012414251736209763
0.012878472409960493, 0.012473840964753756
0.01287841301360471, 0.012460227213758621
0.012878300220971478, 0.012411474060900799
0.01287830186275927, 0.0123039524792983
0.012878274240462468, 0.012339423440084315
0.012878047488259213, 0.012188514047809122
0.012878269649452717, 0.012309025604777162
0.012878129785779662, 0.012306450009071972
0.012877896685171492, 0.012298746342043261
0.012877785675171982, 0.012249799801130603
0.012878159874167473, 0.012398014314521314
0.012878236191391376, 0.012669620025959795
0.012878583175544581, 0.012684352344115392
0.012879532529529373, 0.012589321627211894
0.01288018331190137, 0.012536545037229055
0.012880126439173425, 0.0125431906789852
0.012880189330137126, 0.012625650998846044
0.012880388541670292, 0.012513301904293868
0.012880440547013807, 0.012584806935883555
0.01288026641500769, 0.012539276191986031
0.012880171649845113, 0.012531900823482545
0.012879928964528081, 0.012376261003302805
0.012880157409305655, 0.012397909206693052
0.012880388387643752, 0.012340404448939406
0.012880353087646264, 0.012320439893317358
0.012880208893454774, 0.012273902465117502
0.012880313630605886, 0.012180669880923607
0.012880354615212846, 0.012264056151666083
0.012880534595271872, 0.012314867211056743
0.01288068042888015, 0.012332848289023727
0.012880704734042424, 0.012091306645756167
0.01288087486728018, 0.012253626096144412
0.012881126366137193, 0.012064199462843874
0.012881290309083852, 0.012187613591200097
0.01288152126912686, 0.012356206426545748
0.012881848902976304, 0.012256596468600663
0.01288198733728389, 0.012198003454272827
0.012881942135673652, 0.011994110433491738
0.012881947305266797, 0.012064444687245119
0.012882043780635401, 0.012257854053563447
0.012882036249542376, 0.012258580310352776
0.012882222451957082, 0.012238263658353614
0.012882144000380341, 0.01247402256561974
0.012881983756299497, 0.012507242078476732
0.012881943411890568, 0.012744872153458073
0.012882002210331752, 0.01270914942791762
0.01288206689448745, 0.012622867288109851
0.012882423931568764, 0.012651360440603106
0.012882435717303043, 0.012469408038795012
0.01288193999028905, 0.01243978927096107
0.012881764704462766, 0.012428005591673253
0.012881681149003418, 0.01252779355116695
0.012881449344383174, 0.012704939184461318
0.012881421846662274, 0.012527121521385609
0.012881333488931564, 0.012674439670597042
0.012880964938594435, 0.012691730888321637
0.012881037464506202, 0.01262354914770183
0.012880782195179224, 0.01267177134816145
0.012880764313292643, 0.01251266865212251
0.012880742041881119, 0.012491212173486336
0.012880499232330323, 0.012422736913822277
0.012880332795389275, 0.012249803793839277
0.012880104711631736, 0.012183222054508539
0.01288006751451955, 0.012015610451729905
0.0128796239738763, 0.011924062756486602
0.012879233481561884, 0.01209266226825785
0.01287938835108846, 0.012161017162509658
0.012879456015209564, 0.0121260958087577
0.012879716550975376, 0.012369694203616215
0.01287958266412657, 0.012382789644682306
0.01287964608751577, 0.01251127659826426
0.01287946508283756, 0.012450229449564042
0.012879278303312968, 0.012451416021772046
0.012879088766228763, 0.012396688680392471
0.012878970312243939, 0.012350493510836268
0.012879054570409956, 0.012314942685474726
0.012879006312953516, 0.012205239843041062
0.012879220348574758, 0.012287101453896684
0.012879278252664245, 0.012373488395455292
0.01287955796564708, 0.012230930469574533
0.012879356312746209, 0.012367926079188206
0.012879422039201801, 0.01230508780616813
0.012879364386007005, 0.012263181392569133
0.012879475387843732, 0.01246008705084786
0.012879736522993172, 0.012584432348128912
0.01287990901866387, 0.012588131130009216
0.01287995609594673, 0.012468617835978267
0.012880075758297659, 0.012640543383155125
0.012880207261188773, 0.012476977801232268
0.012880385702444923, 0.012321410312238658
0.012879969101977643, 0.012278140947107944
0.01287986347383734, 0.012427032026473933
0.012879894488029599, 0.01252479843262493
0.012879904051977947, 0.012623749314834717
0.012880151082406182, 0.012729931856912282
0.012880355534030016, 0.012682943806042235
0.012880184626769625, 0.012789310765344251
0.01288050975431166, 0.012903890675519789
0.012880447508231283, 0.012692972320575766
0.012880685856706545, 0.012837676911557985
0.012880663255566869, 0.012894228670402609
0.012880522764055881, 0.012755829630164375
0.012880494580767598, 0.01266557731057382
0.012880671239143318, 0.012555202993011447
0.012880690901253513, 0.012725863993411083
0.012880494740635757, 0.012696891979894894
0.012880453536136247, 0.012660863355561852
0.012880306103971046, 0.012615346103707091
0.012880109283092717, 0.01257717934016067
0.012879947394169958, 0.012484410495606842
0.01287979961634467, 0.012646819166944016
0.012879622252825611, 0.012732873359807648
0.012879434226602135, 0.012767321978693116
0.012879335190642103, 0.012750874865762001
0.012879067118525479, 0.012744441035127216
0.012878919931737183, 0.01264950468733519
0.012878669838628962, 0.012766049220893281
0.0128787462532876, 0.012773023658034195
0.012878869657873434, 0.012996722419737183
0.012878946737515431, 0.013193683415044002
0.012879130357118261, 0.013071923216519213
0.012878898289884453, 0.013188657729276347
0.01287889324997991, 0.013029106705483231
0.012878816015059802, 0.013211047324011254
0.012879072309854404, 0.013569703305059173
0.01287879296837096, 0.01333724125536502
0.01287903102117061, 0.013253387230470839
0.012878852840665443, 0.013436703009677574
0.012878794343500297, 0.013338106489343266
0.012879196130821785, 0.013288692279721672
0.012879286632280074, 0.013122445313286527
0.012879410727881284, 0.013108098677093597
0.012879828601944645, 0.013079699216567892
0.01288016554725735, 0.012781178344217178
0.012880098621490121, 0.01301063605209639
0.012880150297401971, 0.013162330117192854
0.012880486639105156, 0.013342432617854973
0.012880802904247252, 0.013379617528778573
0.012880914863740047, 0.013150145349893392
0.012881023925668282, 0.012876080927196805
0.012880939935292783, 0.01294064909504517
0.0128807478883421, 0.012940131892149188
0.01288081114386045, 0.012891328113545106
0.01288093032151035, 0.013022826054021079
0.012880918239316108, 0.012963229343776528
0.012881093580015922, 0.013053048629349502
0.012881102160476741, 0.012967387629140176
0.012880693176471097, 0.012926573567804314
0.012880756319287675, 0.013121269092443882
0.012880089999342195, 0.013052391187991575
0.012880290842986978, 0.013090328562041668
0.012880431643538323, 0.012910420026372027
0.012880812078562709, 0.012995670999537915
0.012880922036281656, 0.012850925981799315
0.012881112116279906, 0.012807690700649627
0.012881423721570827, 0.012828419482692015
0.01288130993587869, 0.012993969954707165
0.012881256914002054, 0.012890068138234567
0.012881479149575752, 0.012849155270837511
0.01288190770615725, 0.012883929892309536
0.012882142615130009, 0.012592341460586314
0.012882733028299375, 0.012636533261471811
0.012883254638309105, 0.012696641291990735
0.012883681426218228, 0.012800805531935827
0.012883703116346621, 0.012714163252239468
0.012883959602972799, 0.01279691733777299
0.01288409218181721, 0.012628396926855216
0.012884127549016921, 0.0125712777964671
0.012884316140188899, 0.012589898306685658
0.012884829506995505, 0.012818023470327223
0.012884938806579548, 0.012920532407118015
0.01288524294203869, 0.01280006794600966
0.01288543283398796, 0.012685396376154855
0.012885961421280052, 0.01277347303868715
0.012885982534878378, 0.012625933358458913
0.012886125775298744, 0.012668236210814884
0.01288618313435765, 0.012497583011012729
0.012886540347079974, 0.012689510666975407
0.012886200994734353, 0.012794371589193313
0.012886252154835917, 0.012613202790506902
0.012886196154773016, 0.012489109382679003
0.01288617021315889, 0.012684982343151227
0.01288648355384212, 0.012635813911730789
0.012886822888969477, 0.012759352344151119
0.012886880179602383, 0.012908443992504206
0.012886847543173274, 0.012783396732409651
0.012886402917846951, 0.012967022911880599
0.012886245110080108, 0.01275948293524751
0.012885900628067635, 0.012729971644204929
0.01288581962995796, 0.012730308118660947
0.012885629325827586, 0.012477895570678008
0.012885435688908443, 0.012459967194762908
0.012885429596886423, 0.012492580319643523
0.012885338120234973, 0.012435470773114334
0.012885631678398355, 0.0125729145880634
0.012885558334861671, 0.012322646960230036
0.012885591594395588, 0.012294270366772442
0.012885818470832262, 0.01234319467915217
0.012885764858094482, 0.012175489045124424
0.012886292011525332, 0.012217995023315654
0.0128864494191492, 0.012105953489332275
0.01288644826713871, 0.011938150438767513
0.012886344678890329, 0.011777457097841984
0.012886408421240725, 0.011915130696512207
0.012886218280034481, 0.011941329669503632
0.012886181915199277, 0.012057731708224715
0.012886119927610795, 0.012137096372737256
0.012885907347112093, 0.011987128938087295
0.012885826389173061, 0.012095197330264285
0.012885494239340241, 0.012100061022561859
0.012885130022934779, 0.011971692100167311
0.012884963845576473, 0.011706277976893383
0.01288463869009671, 0.011917974840715865
0.012884234966114124, 0.012081220696275765
0.012883916476622218, 0.011810797863961072
0.012883118673287501, 0.011908614192133628
0.0128828552867183, 0.012094661641596779
0.012882650903698518, 0.012026606750556591
0.01288233447992318, 0.01197164839616221
0.012882056349770821, 0.011932877203663352
0.012881543301389185, 0.011929215971523095
0.012881287461406614, 0.011683058635346385
0.012881193969616173, 0.011874309759179984
0.012881167768537101, 0.01179415695651992
0.012880953309037487, 0.011900697379508435
0.012880742123383462, 0.012029825907299648
0.012880587460595599, 0.011978752574840454
0.012880293626440513, 0.01208752394116722
0.012879977590887236, 0.01220408094237889
0.01287997538410104, 0.01208831920684178
0.012879797317803929, 0.0117889270145486
0.012879446744849641, 0.011905832214888638
0.012878824346531786, 0.011923931258760028
0.012878458196773109, 0.011925184987371454
0.01287806321183745, 0.012067695257720333
0.012877895832052016, 0.012228363049001349
0.012877849647910946, 0.012163791113324359
0.012877702133187004, 0.01219081405696237
0.01287741589317119, 0.012302356143697476
0.012876843199527805, 0.012160428968340143
0.01287685794557849, 0.012380454622118404
0.01287661538733734, 0.012214469458468151
0.01287617807937789, 0.012345505205574338
0.012875504230908358, 0.012441071683557275
0.012875037017548708, 0.01227043671385528
0.012874419388647477, 0.012407157248136558
0.012873870216071746, 0.012258506842896555
0.012873272596665325, 0.012381099493659833
0.012872630011132069, 0.012339369397352303
0.012872478454603901, 0.012335641292753021
0.01287210805393671, 0.012197456817163865
0.012872190488600666, 0.01202087252647969
0.012871759169180971, 0.012016517673391817
0.012871255643719172, 0.01195412869930272
0.012870967471118521, 0.01195478099270057
0.012870603561170379, 0.011969966289562612
0.012870240220563921, 0.01215800652504306
0.01286999895956524, 0.012001408525496571
0.012869950812414634, 0.012018147127539966
0.012869764259162158, 0.012049588599769918
0.012869846422258, 0.012126883646728702
0.012869977357754105, 0.012270283489285034
0.012869935299469658, 0.012350652347092369
0.012870171759474686, 0.012266914368252994
0.012870644770527557, 0.012297246107048902
0.012870550377439411, 0.012150928675726628
0.012870662140654063, 0.012334245639727933
0.012870525410921086, 0.012320751961118226
0.012870299518678102, 0.012353958020790113
0.012870171056568215, 0.012498209638984245
0.012870262574735976, 0.012509166117818491
0.012870369137276572, 0.012605293629878412
0.012870575886602098, 0.012322462148449368
0.012870962164304637, 0.012321783270785067
0.012871321126358182, 0.01225003025434495
0.012871292171985986, 0.012040979635044396
0.012871262526851135, 0.012064674119846753
0.01287143364080202, 0.012164782149288218
0.01287196354286093, 0.012228873399368827
0.01287193171911713, 0.012224240887814609
0.012871472549193455, 0.01209564262756166
0.01287171698243941, 0.012164046822774692
0.012871892235709538, 0.012234633934005692
0.012872147805801488, 0.01225525165550678
