0.12372291971376938, 0.03548838234190093
0.12033139667487701, 0.03417973813597449
0.11908955686756557, 0.03260219933654001
0.11892508801172087, 0.03229248248136344
0.11934922059970048, 0.031155352622594917
0.12010493563685258, 0.03058022433578178
0.1210420142626575, 0.03074814353515765
0.12205693947810912, 0.031384739879440404
0.12308823358563002, 0.031954100059280566
0.12409607442369652, 0.03222764854194159
0.12504801356099118, 0.032752502540820745
0.12593471565595674, 0.032943629411087395
0.12673836364404717, 0.03267556434769594
0.12746057167513222, 0.032716310025536585
0.12809686886054933, 0.03215003911166028
0.1286530868009405, 0.03156778207021929
0.12913116809953692, 0.03433829560163669
0.12954010092586127, 0.034593005034384575
0.12988308284421157, 0.03543805630196104
0.13018190295796908, 0.034153710019297595
0.13042008422870785, 0.03506707951640659
0.1306159892090927, 0.03529589248502797
0.1307737786375775, 0.03315241099970535
0.13089966291227456, 0.03352559573073702
0.13100140498991011, 0.032647219303849194
0.13107921531754899, 0.03290579572898272
0.1311371527935641, 0.03341432522101788
0.1311799410347511, 0.03287300837721108
0.13121929175285202, 0.03325627639997277
0.13124612849395284, 0.03440192756700493
0.1312618691591435, 0.03384647827077635
0.1312755307097388, 0.03295600072613603
0.1312856512831036, 0.033118734766550646
0.13128940300285022, 0.03158996842535075
0.13128948686080347, 0.03177332184187721
0.13129154010371316, 0.032267080875359046
0.13129333827898285, 0.03292234385509247
0.13128167631112822, 0.03168137271794122
0.13127383407387597, 0.0331099449962519
0.13126393173487608, 0.031805103509480626
0.13125281132382827, 0.033366515923255076
0.13124218795077036, 0.032771256080534564
0.131234535150397, 0.03328279141930587
0.13122272291559114, 0.03151347350543118
0.13121152834776378, 0.030592158085465282
0.13120275778150764, 0.031108243629960605
0.13119423871423483, 0.03135903410582171
0.13119133278758183, 0.030265187535836187
0.13118673102780862, 0.031394620997816265
0.13118263640434816, 0.0329565426645165
0.1311690990354964, 0.033802374108209535
0.13116209331629713, 0.03244473087123492
0.13115072561712912, 0.032666196844733895
0.13114949801687756, 0.03153085493840154
0.13113985973956563, 0.030785062368258894
0.13113724136062443, 0.03201185457064825
0.13113100303802577, 0.03128537033568873
0.1311257955621925, 0.030561779153462303
0.13112128676311402, 0.03258206750948853
0.13111656442405523, 0.03174149948530346
0.13110775786807002, 0.031326033933250556
0.13110256208596444, 0.03214631444906328
0.13109936538478262, 0.0332443215405397
0.13109515908758645, 0.032913913122653085
0.13109012523799832, 0.0330636326945373
0.13107966249245231, 0.03136919380327889
0.1310758194652415, 0.032458463777225936
0.13107307158772094, 0.03265833984358994
0.1310680826659106, 0.03328820971626775
0.13106562454921714, 0.032051897072532906
0.13107109889876972, 0.03204167487500865
0.13106335149280615, 0.03292477708460676
0.13106197256207336, 0.03135531636521331
0.13106038128986297, 0.03256675066697466
0.1310668176971306, 0.03233641530477414
0.13106649079988497, 0.03152784747046968
0.13106742648170372, 0.031288816597635286
0.13107313177775937, 0.033020250551183884
0.13107960997658372, 0.03256967639500048
0.13108535617768383, 0.032110857178061565
0.13109159788767388, 0.0315113107715204
0.13109528038570073, 0.031242602327691972
0.1310910845411777, 0.031804804061234544
0.13109006727959643, 0.03212888306144966
0.13108637311234997, 0.0320646251262121
0.13108248982751744, 0.03342350267639557
0.13108476568277982, 0.03296793426732941
0.13108780875948495, 0.032479306519695404
0.13109257621422027, 0.03321075074033438
0.1310973858468472, 0.03220147331223645
0.13111199316872105, 0.03002719535389233
0.13111838005778872, 0.030590206329814382
0.13112918277049676, 0.031209027966136626
0.1311420243031306, 0.031941296259101956
0.1311538409014543, 0.0317438696903692
0.13115939586562914, 0.0328345657685371
0.13116490578995812, 0.032062313845728614
0.1311752680543141, 0.03253303029739525
0.1311779517193924, 0.03202984772373393
0.13117945831129174, 0.030756749990528992
0.13117816423379616, 0.03266897942161815
0.13117979617297837, 0.03254876634982
0.13118114144107432, 0.03211320525334315
0.13119026309288356, 0.03186346488746059
0.13119174926492164, 0.030670303662216635
0.13119042988594853, 0.032123378657981885
0.1311906651231963, 0.03049649794176111
0.13119536226521922, 0.030259359250478377
0.13120074583306426, 0.03198484426820298
0.13120550721892693, 0.03258745273009437
0.1312054968479716, 0.03261236575250313
0.13120579451793482, 0.033764568383221484
0.13120741182511889, 0.03305841615085401
0.1312083618619328, 0.03465788248183758
0.13120570260013487, 0.034348171276270816
0.13120975737751522, 0.03428936013660449
0.13121510922664917, 0.033611203583910274
0.13121324318134647, 0.033559001537667554
0.1312104042542481, 0.03362678777906941
0.13121720448016896, 0.03315565361866854
0.13122346196869558, 0.03144643007836129
0.13123135203455352, 0.032218095676862596
0.13123451629832494, 0.03304938166142697
0.1312460036342792, 0.03419510217496959
0.13124757467577566, 0.03399530677917209
0.13124619221329062, 0.033515236202733056
0.13125043955125199, 0.03398553936573322
0.13125314952673967, 0.034035455338576964
0.13124779321697722, 0.03468737346558148
0.13125091330064506, 0.03532962426002655
0.13125313996170884, 0.034845290661720534
0.13125456769687605, 0.03543682212729173
0.13125647681921052, 0.0340454441729436
0.13125632107543603, 0.0326899744830118
0.131261693510846, 0.03232528779978035
0.13126171609271395, 0.03221285585853337
0.13126277606774628, 0.03356063851549872
0.13126872932645745, 0.03338461120448247
0.13127402488767329, 0.034220605204118626
0.13127758021971347, 0.0335522376100582
0.13127835007439878, 0.03402235700524195
0.13128731885959805, 0.034464187972991174
0.1312896462095537, 0.03381325265784073
0.13129360128606152, 0.03424000242466842
0.13129836414514479, 0.03404922404608326
0.13129208902153477, 0.033922696021917303
0.13129174912434508, 0.03391767554228224
0.13129518768858467, 0.034988650331344295
0.1312954213830358, 0.032331885844520535
0.13130191634389493, 0.03306323174011881
0.13130515555085245, 0.03328619992242951
0.13131385980576785, 0.0328731359231551
0.13131715977292535, 0.03306658142055516
0.13131567800310281, 0.03333951585849889
0.1313219315650426, 0.03349104189169104
0.13133079856189522, 0.03342623997753334
0.13133378113603278, 0.03299502928327144
0.13133537690901007, 0.03294799171729662
0.13134681120814146, 0.03442587594241322
0.1313585446644347, 0.0341827968258657
0.13136494324130704, 0.035082136452484876
0.13136918340880932, 0.03548216911113153
0.1313793698140269, 0.0353634556899004
0.1313886612162564, 0.03487673649247614
0.13139715467128868, 0.03460372013348097
0.13141028871191937, 0.03433343851391894
0.1314191433109397, 0.03502963866082553
0.1314246396926767, 0.03347527274952847
0.13143120080690726, 0.03316007584933828
0.1314341079339248, 0.03508414402182913
0.13143754190522472, 0.03549881225758889
0.13144093035639476, 0.034854208319611335
0.13144864960924968, 0.03540436470510308
0.1314490639236425, 0.03524321395251274
0.13146074226715548, 0.035008151697568664
0.13146659310938857, 0.0357045862608937
0.13147244029153507, 0.03539238639522703
0.13147926596680892, 0.033893638297731024
0.13148667431547884, 0.03433192917718866
0.13149229479861432, 0.034688525695651284
0.13150002424015045, 0.034693277353774796
0.1315084189781847, 0.035830599968734986
0.13151727090299267, 0.03590907074569999
0.13153000982271748, 0.03504625371801743
0.13153846321699245, 0.034411341072129634
0.13154640445858698, 0.03378640892015846
0.13154986948901393, 0.03568768572175435
0.13156270463342468, 0.03508959856851419
0.13157310703394193, 0.035414051599639236
0.13159044283389817, 0.036075067250417814
0.13159954090443046, 0.03585167273994568
0.13160413063828802, 0.034840249218453134
0.13161487995562812, 0.03391158943657989
0.13162420757711368, 0.03485914577938912
0.13163525689050293, 0.03492782783053872
0.1316461721918711, 0.035595262176052536
0.13165575014156958, 0.03368463883737525
0.13166930324200174, 0.03488386545872853
0.13167890060407927, 0.03431541008362817
0.13169023528419604, 0.03530663627370784
0.13169942186838085, 0.0354627234780835
0.13171302827498216, 0.03587031680861017
0.1317278944331504, 0.0357596970781215
0.13173796395269463, 0.035492951120623596
0.13174812152972315, 0.034867205085517744
0.13175828243581628, 0.03466297984319229
0.1317673964333564, 0.03499961700866456
0.13177359582312606, 0.034515366786240176
0.13178307390168337, 0.034869839046273714
0.13178563200718627, 0.03578314592406948
0.13178936677308883, 0.034059299884596654
0.1317944040473659, 0.03495293814486063
0.1317965968420848, 0.03533810003229582
0.13179864099603789, 0.03477756474531281
0.1317979498769671, 0.03476025704356999
0.1317956799293496, 0.03596058925910191
0.13179882962449327, 0.03461919601347275
0.13179979607675402, 0.0338442025240481
0.13180246481273286, 0.03453788089883753
0.13180624962424997, 0.03478463692737508
0.13180921774802484, 0.03544930853569085
0.13181181355494465, 0.03616624538718228
0.13181809018180152, 0.03499364933630007
0.13182043120738474, 0.035425902481389854
0.1318287465076596, 0.03623535751609129
0.13183502467015357, 0.03563433469181171
0.13183883233692695, 0.03690399077634261
0.13184059543206667, 0.03642988016173296
0.13184719009606582, 0.0355147745473454
0.13184993463189684, 0.035620302161200705
0.13185719922289996, 0.037032277928171584
0.13185908123537204, 0.03823878052819588
0.1318628817222434, 0.03711152504600772
0.1318720738856127, 0.038062347654723334
0.1318781859280343, 0.036319212880393116
0.13188445405303717, 0.03611487583261049
0.13188835129212506, 0.036198791334877536
0.1318995444860847, 0.03738509140189638
0.13191015887745045, 0.03506267904501553
0.13191907268869493, 0.036337712727678835
0.1319275419232674, 0.03611886063687141
0.13193998480524072, 0.03607626731132778
0.13195093614646283, 0.03627727040538278
0.13195771643414445, 0.03691894941488442
0.13196085800196242, 0.036912633254917386
0.13196304899705277, 0.03649799237507175
0.13197617446709212, 0.03538730329807088
0.13198567146821819, 0.03633801306279741
0.1319939656254725, 0.037739400510359684
0.13200064628296931, 0.0366688211562983
0.13200513718374496, 0.03588610083270525
0.13201234490077368, 0.03648756595848297
0.1320161841576958, 0.03681843547171498
0.13202313257651466, 0.03693403079736616
0.13202741529992476, 0.03706940134991903
0.13203106933026998, 0.03598661991622579
0.1320268879031994, 0.03624321352708127
0.1320307257106526, 0.03699567518902732
0.1320345210102479, 0.03809582647755951
0.13203954124190825, 0.03775893708283689
0.1320461875274389, 0.03666073386706608
0.1320492685297273, 0.03645329894025454
0.13205926405254848, 0.03659597290579193
0.13206426484230221, 0.03645396404831238
0.13206246944895358, 0.03644658325364734
0.13206087550297374, 0.03624179536934255
0.13206230135593214, 0.03666612198424238
0.1320657315880592, 0.036088222254390234
0.13207068855535375, 0.03684082635045955
0.13208365086702376, 0.03786563658679002
0.13208870300821496, 0.03717556677419757
0.13209466611246046, 0.036595316220929035
0.1321010988333623, 0.03597566293339163
0.13210371380143537, 0.03595207342700893
0.13211208260302634, 0.03589156854800964
0.13211479838082468, 0.036091832377192726
0.13211913624215252, 0.03492261221083968
0.1321274805640604, 0.03571936385172259
0.13213945355334994, 0.035999635546203085
0.13214800168398053, 0.03665939901107141
0.13215116643142966, 0.036451770923013195
0.13215444171291962, 0.03596192346614202
0.13216325734451012, 0.03574279892200886
0.13217128706542958, 0.036015406310359266
0.13217841392908725, 0.03634662309709057
0.1321856147442861, 0.037925606306387145
0.1321932486731447, 0.036802077304488735
0.1322081258817026, 0.037030168828100916
0.13221739850765946, 0.036830117231530395
0.132221443358416, 0.03727834053894812
0.1322263286595396, 0.03879129527602918
0.13223212559343894, 0.038921636126513615
0.13223781711685365, 0.03625446672331551
0.13224551673669746, 0.036712316531598364
0.1322519599622593, 0.03800771563609415
0.13226041099662791, 0.037958649519803205
0.13226270350624347, 0.03727851969142997
0.1322675332386831, 0.037192705158441
0.13227025950757312, 0.03822812157239109
0.13227948271322038, 0.03716410733887983
0.13228305557983727, 0.03754360658859417
0.13228636023632256, 0.037586802909536456
0.13229598495665912, 0.03733123054072171
0.13230919793956317, 0.036408044043465676
0.13231725478223022, 0.03728609819482534
0.13231927388759088, 0.03643077858000786
0.13233209463756665, 0.036497353496861895
0.13234101130802606, 0.03581478814558866
0.13235105838281078, 0.036362124548071105
0.13236055337294766, 0.03626894419521666
0.13237197988231367, 0.03682572643325422
0.13238051740334858, 0.036339400063649774
0.13238843809662398, 0.03558848366276404
0.13239347135113333, 0.03730797659469397
0.1324022137417939, 0.03850637269286591
0.13241229955077594, 0.039866492915988753
0.13241984054642114, 0.03996107261917725
0.13242623700604325, 0.040456156163719385
0.1324279938274819, 0.039568221802234994
0.13242754341128868, 0.03901069383160138
0.13243828373460864, 0.038601067800885756
0.13243840280281097, 0.037908892718637316
0.1324472690394953, 0.0378582115705467
0.13245483515410422, 0.037345081990579114
0.13245574595310278, 0.03762471512149709
0.1324653250817954, 0.03681244909797669
0.13246773945638296, 0.03729026245103389
0.13247224784701842, 0.03844704763607885
0.1324730471987282, 0.03765101381683984
0.13247475687858812, 0.03758626711832831
0.13247822514014712, 0.03936984549160729
0.13248665631425016, 0.03894553245447422
0.13249346572860124, 0.03785583880219945
0.13250060458616608, 0.03819460139297471
0.1325042255646689, 0.03925067032371995
0.13251073592633547, 0.038765080022241244
0.132517459890292, 0.03913562311407935
0.1325224657577257, 0.03754610505485195
0.13252677478371652, 0.037996669710972784
0.13253345117730342, 0.038665072376354234
0.13253971538018222, 0.03783345665586805
0.13255077579371408, 0.037170273052734515
0.1325617693912726, 0.03647919622682449
0.13256995356150578, 0.03559732800930693
0.13258213205342412, 0.03710735993017977
0.13260017891433673, 0.037265233588544756
0.1326157395191091, 0.037344617817505796
0.1326245100183341, 0.037847517398997166
0.13263381742220348, 0.03889360981581052
0.13263837794445432, 0.040005661980013665
0.13265269065819071, 0.04066428855947992
0.13266674203356144, 0.03926690302732417
0.13267673930812277, 0.04075392938526245
0.13268764499526373, 0.03923740818360649
0.13269121060843095, 0.03883285869014952
0.13270355328789898, 0.0380248215819537
0.13271089556162094, 0.0399334649401657
0.13272352616471197, 0.04149803591882393
0.1327394261639267, 0.04062743826831222
0.13275049358379307, 0.03917874172367242
0.13276534650835398, 0.04022515240875729
0.13277678301028836, 0.04002474907743403
0.13278355449540108, 0.03982045385158637
0.1327835580512021, 0.03946712920166414
0.13278550279162757, 0.04024354080429981
0.13279328092187248, 0.03988775381985002
0.13279890111311143, 0.039381442532521474
0.1328053851009266, 0.038333153846780446
0.1328165104844815, 0.03882223500905659
0.13283280494223523, 0.038523127908818386
0.13284492661166084, 0.03963531325213526
0.13285540026146653, 0.03898752634692838
0.13286152018430974, 0.038036599484734396
0.1328665118165001, 0.03894732218966107
0.13286748140062146, 0.038461479430579246
0.13287705522058005, 0.03841218418706535
0.13288525847135313, 0.03866012319304778
0.13289444628415575, 0.03895668527670791
0.1328996095410787, 0.03899499241513439
0.13291143493094232, 0.038685212654423304
0.13292313419187562, 0.03948360131767275
0.13293152438228262, 0.0383861411133099
0.13294084980918142, 0.03875228770946018
0.13295081379155477, 0.03992784700949838
0.1329619775285649, 0.04029594206125875
0.13296821344252074, 0.03967898671554096
0.13297626209636076, 0.03984028326686408
0.13299233118033943, 0.04006851269607028
0.13300485286594346, 0.03896998385882403
0.13300605326956386, 0.03987672608331349
0.13301293792018173, 0.03849551368202714
0.13302898903463178, 0.03814282797411353
0.13303292685474105, 0.0378067684602606
0.13303423421494331, 0.0389242568458218
0.13303332450444202, 0.03899715830473427
0.13303087528068724, 0.039734625639845894
0.1330320671062824, 0.0406337681984198
0.13303345009227774, 0.03973378384982194
0.13303375275430954, 0.039359337130335625
0.13303617536401705, 0.03789861274600562
0.1330415125706784, 0.038200856873674506
0.1330384570699971, 0.03918633170498653
0.13303472344125086, 0.03954124534592996
0.13303751495059116, 0.03875076642571557
0.1330403547313056, 0.03739392879415259
0.1330389410501547, 0.03778461534975182
0.13304161664662675, 0.038530400684728204
0.13304936970860123, 0.03891530473716061
0.13305647414311458, 0.03965594771652679
0.1330648389859522, 0.03996237768956077
0.13307054909712915, 0.0404071346869688
0.1330762989401058, 0.04187919315872549
0.1330780962484762, 0.041844984035402474
0.13308370268988526, 0.040821603053199394
0.1330841629834865, 0.04108390469631145
0.1330915270039886, 0.04082540287142949
0.13309881390101488, 0.0394400339361661
0.13310333775267819, 0.04007075148018711
0.1331152961689225, 0.04045687787525195
0.13311781986896373, 0.04060084720353208
0.13312628363499066, 0.04065069026804339
0.13314025158914133, 0.041129638546742404
0.1331439618584615, 0.04190317022654719
0.13315143041983205, 0.04091675312218701
0.13315094567101957, 0.042146869541501424
0.1331553946402865, 0.04133960316008092
0.13316083466251136, 0.04212812614826642
0.13317256755565854, 0.04215884986492834
0.13318437610049672, 0.0422675723228411
0.13319007075296238, 0.041894371623507114
0.13320326424989176, 0.041725156745421516
0.13321335379815333, 0.04253417746767886
0.1332266102026919, 0.04109804113660935
0.13323490159569015, 0.041504845451761994
0.13324684176259974, 0.04237992639357545
0.13325740864057722, 0.0413831831810542
0.13326957956268706, 0.04104280873215293
0.13327465000963487, 0.04126197807784463
0.13327955374345013, 0.04035850546765357
0.1332850486441414, 0.039537483654883465
0.13328387363928662, 0.03993527334051961
0.13328841836445823, 0.04132815591758693
0.13329763118385918, 0.04260004147418802
0.13330016955289994, 0.04174488080888972
0.13330219778759744, 0.041687008225786665
0.1333091539279444, 0.04136468242777308
0.13331575388175737, 0.04099100457450951
0.13333036395356088, 0.04098680630843043
0.1333445338661363, 0.041776590549509544
0.13336331593440037, 0.04111361124194252
0.13337840165663176, 0.04022191776654676
0.13338945205488148, 0.04112708074127575
0.13340460599000498, 0.04151884007138308
0.13341104310578109, 0.04123173561779557
0.1334247295238087, 0.04154540344768458
0.13343714084920097, 0.041711303400071405
0.1334460476266068, 0.04176978160926499
0.13345465336608264, 0.04247051515306684
0.13346285484855797, 0.04156283497102128
0.13347216957939018, 0.04052524404342589
0.1334775782267267, 0.04036607636328847
0.13349065838305618, 0.039902963122697574
0.13350979661545953, 0.04041317344286457
0.13351903149684918, 0.04026421448142165
0.13353231866644072, 0.04096189618458588
0.13354238403242055, 0.040192688167369824
0.13355093930765088, 0.03961095086620467
0.1335590207479311, 0.039392130044031165
0.13356981195290113, 0.04048260353833073
0.13357622491899493, 0.04088127295797591
0.13358808447612613, 0.03996112354500093
0.1335937794791509, 0.04051067359450199
0.133601207546886, 0.04080840926864646
0.13360568076599558, 0.03991932228059838
0.13360367091781877, 0.04048606253054603
0.13360495611037568, 0.04090048830581481
0.13360904533904314, 0.040921129099428556
0.13361494686988717, 0.0409248267629937
0.13361209773400362, 0.04168588288572564
0.13361741806165642, 0.0409463826156029
0.13362171341303208, 0.0395427753112181
0.13363119460432749, 0.04047278417251522
0.13363508413977665, 0.041211614079880325
0.13364048117896868, 0.04077507261134384
0.13364645404956776, 0.039202608472025675
0.13365811101916505, 0.039859563635430854
0.13367585572794125, 0.03999052071443086
0.13368722801440197, 0.04032153682955216
0.13369570000167924, 0.04125362957110374
0.133705516348054, 0.04094052279202929
0.13371705031066886, 0.04116556866987955
0.13372620165512525, 0.041907492505039216
0.13373797776245047, 0.0424555783292219
0.1337453891276868, 0.04145691804256714
0.133752659233272, 0.042188058694143694
0.13376868612112852, 0.04221681234954685
0.13378211501521023, 0.04324557775742866
0.13379040439256154, 0.041616244958742714
0.13379688528989217, 0.04118769323189003
0.13379898412518143, 0.0403528610412054
0.13380178167018467, 0.04028493878504197
0.1338107520117989, 0.0404908282198199
0.13381759696559467, 0.040449383864681734
0.13382549325962487, 0.041407232611355115
0.1338298706562066, 0.04228068286776855
0.13383980254142985, 0.04196067782511075
0.13384527262217397, 0.041210676900464975
0.13384886237977836, 0.04131311352820824
0.13385130549784874, 0.0408319479493802
0.13386181622738155, 0.042683339647388754
0.13386307688931207, 0.04452594737697305
0.13386921332576882, 0.0433569669831963
0.13387494898588598, 0.04417555085805794
0.1338797569699864, 0.04373826000550877
0.1338857674939356, 0.04420417645811592
0.13389153666026687, 0.04378472168026938
0.13389742294105947, 0.043308638176287016
0.13390940431442702, 0.04348893684590594
0.13391503621397052, 0.043224933819920174
0.13392484824612413, 0.042380307850106096
0.13392872802344014, 0.04185605289879833
0.13393769422485344, 0.040852570835531385
0.1339414599318113, 0.04125675462950594
0.13393622191887788, 0.04326298886187437
0.13393236019706503, 0.042330108823694194
0.1339360968879681, 0.04295478795838039
0.13393726232133935, 0.043217939179035374
0.13393383060008981, 0.043593904057452296
0.1339323052946313, 0.04386083215909557
0.1339310530094172, 0.04373452112520674
0.133940022261445, 0.04302575519995855
0.1339441942076675, 0.043491798295805864
0.13394583474960994, 0.042996213623285214
0.1339449812965389, 0.04089816833512037
0.13395196289060485, 0.04208070943932583
0.1339650572454973, 0.04171651823371651
0.1339695497265791, 0.041906154409362
0.13397591768562478, 0.04189518438056435
0.13397718477128107, 0.04257538508008191
0.13397912344636334, 0.04080498655425663
0.13398309745203202, 0.04112371987411066
0.13398876947218852, 0.04125905625070006
0.13399381597306145, 0.042086723627452416
0.1339977238810754, 0.04299956379270512
0.13400401204233908, 0.041529381615645254
0.13401494349831583, 0.04180891683138746
0.13402987746756795, 0.04185866038216143
0.13403468289599316, 0.040697452010934734
0.13403786922811312, 0.04211375145290551
0.1340463105078966, 0.040538634752119086
0.1340480033401944, 0.04151002622103843
0.13404979461559965, 0.040546133897989146
0.13405762186645906, 0.040367352445816414
0.13406715285585255, 0.041166984762221616
0.13407824843116717, 0.04096721456079824
0.1340795101672017, 0.04110575357902773
0.13408672471333816, 0.041056298791982686
0.1340878200375857, 0.041018345922709955
0.134092655063688, 0.04068304694057314
0.13410229819846173, 0.041747936573797925
0.13410753134491088, 0.04248711990956437
0.13411588417798867, 0.04250705755578058
0.13411720822472767, 0.0428269230710405
0.13411766942527314, 0.04308685614930871
0.13411735871951413, 0.04327926874775545
0.13411711612661856, 0.04422915405879588
0.13412402062596537, 0.04342080112408861
0.1341270901372825, 0.04323294589351094
0.13412988450816385, 0.04412350308947038
0.13413042446702375, 0.04211530514533112
0.1341397893579979, 0.04262488955205329
0.13415101494472942, 0.042645776987885374
0.13416062649602503, 0.04255173556974525
0.13417232917278324, 0.04295715224891073
0.13418795936538758, 0.043600030063737576
0.13419299670871226, 0.04201107325936972
0.13420028666967848, 0.04141417984508357
0.13421191812314576, 0.04141400519908936
0.13423060788791244, 0.04147599302813509
0.13424530021949807, 0.042237166709934354
0.13425772740496766, 0.04239578741983058
0.1342669702722656, 0.041765739493709805
0.13427116843369413, 0.04223068141810199
0.13427761902600077, 0.04295966215526441
0.13428415375231229, 0.04257262787867322
0.13429295127102217, 0.04417390220245593
0.13429917817096082, 0.042811773477912596
0.13430817060237052, 0.04340313947797411
0.13431098304829622, 0.04369515670415753
0.13431702529598583, 0.04221852465499536
0.13433008371004182, 0.04251967459302084
0.1343385153020986, 0.04250018411393954
0.13435033538981808, 0.04206406884782307
0.13436065183569054, 0.04194892294894404
0.13436739688439653, 0.04222731027800707
0.13437748179897746, 0.043473905565193934
0.13438961869953886, 0.04354145284338946
0.13439527840565135, 0.04345478052434385
0.13440619954867936, 0.043410858377224436
0.13441222461773922, 0.042252379154987266
0.13441913780417164, 0.041731176430299194
0.13442642741730998, 0.04285733249909439
0.1344294650706207, 0.04382066687983778
0.13443104336681203, 0.0439987578558665
0.13443666857865663, 0.045317025312844955
0.13443509768100106, 0.04473012893084331
0.1344419687565341, 0.045576010450641
0.1344499331597671, 0.044058156884112284
0.13445669295107315, 0.0432270503309957
0.13446979723190983, 0.04287582491565954
0.13447744436454365, 0.043413064081322374
0.13447949753542854, 0.04429222637087527
0.1344841723907498, 0.043460060067091764
0.13449133837802524, 0.043924349257830446
0.1345012207635977, 0.04503196097821993
0.1345103741400688, 0.044332265267996954
0.13451478890745194, 0.045154665568023125
0.13452330637945992, 0.04549048901060615
0.1345339624056086, 0.04531527637008079
0.13453717813054747, 0.04530690525968737
0.13454196946222724, 0.04388527209385043
0.13454452993560442, 0.044734359070496194
0.1345536011075919, 0.043597755672147506
0.13456194791684273, 0.04445846380738674
0.1345641923604296, 0.04418711089286766
0.1345778819862982, 0.04416216217040279
0.1345829854952567, 0.04221228327322133
0.13459193385849283, 0.04278355958447882
0.13459947476587175, 0.04365771770492756
0.13460916981342227, 0.04350803525847549
0.13461355531612615, 0.04322680741424277
0.1346326528728064, 0.04171425452745758
0.1346425861720118, 0.04173859341296905
0.1346493448231665, 0.0414043617089818
0.13465339938252174, 0.040673734024851894
0.13466063782542775, 0.0416022844380556
0.1346656111591684, 0.04165207696349224
0.13468191534942658, 0.04244345543261332
0.13468722192588012, 0.04326236228381339
0.13469798651213483, 0.04311459817239332
0.13470298217073057, 0.04223876329307862
0.13471078203825637, 0.04247625591203509
0.13472169157378283, 0.042331642821377545
0.1347309994961537, 0.04422654538292996
0.13473774430706248, 0.043939714825720615
0.13474667321182135, 0.043279566049404514
0.13475290777278867, 0.042889206320763075
0.13475622517566896, 0.042762013581521145
0.1347640663450234, 0.043183030836828666
0.13477498820562137, 0.04339258086774277
0.13478739346568605, 0.042154514597673026
0.13479881877444774, 0.04407256810759613
0.13481266870530645, 0.043606481124061354
0.1348322930048491, 0.04371056690342522
0.1348466301280316, 0.0436044609750851
0.13486009264102294, 0.045563033941060066
0.13487410993719792, 0.046144979409023734
0.13489101885516183, 0.046575864206238486
0.13491453204353424, 0.04536736762003722
0.134927734258217, 0.04333427390744706
0.1349368038139024, 0.043324958084228836
0.13495208560116614, 0.04158395640866857
0.13496140248474686, 0.04243265022998372
0.13497548521137803, 0.042389265186474595
0.1349872535170001, 0.04379451948759344
0.13500464266499074, 0.044774690060535735
0.13501931464240613, 0.0440532305708058
0.13503489277725036, 0.045710290891602154
0.135045312156311, 0.04538132474303369
0.13505381567367516, 0.04491324158534554
0.13506144890038016, 0.04550562492077053
0.13507266662365358, 0.04535815226708059
0.13508246681067324, 0.04541834363219539
0.13509483060363742, 0.045628131712681014
0.13511001551521645, 0.04451693241640447
0.13512679388390178, 0.04397652239606443
0.135140426663542, 0.04427292371482232
0.13514477103129122, 0.04498868802319668
0.13515705958714078, 0.045177320359374794
0.13517782414621438, 0.04391675481871222
0.13518818627159745, 0.0440094441049419
0.13519666652110354, 0.044976992542767144
0.13520007418379018, 0.0447523761828725
0.13521215664636943, 0.043784148136152515
0.1352178786955224, 0.04467763060645126
0.13522312196966516, 0.04496106263706056
0.1352267253912321, 0.043525850640641045
0.13523493568172773, 0.04455529519069449
0.13523526884022724, 0.044983182140553184
0.13523754060206386, 0.04295356759722661
0.13523660484039923, 0.04332967745272531
0.13524312874332287, 0.04288338998973132
0.13524213445741085, 0.043471992192704
0.1352490023112234, 0.04350805772567386
0.1352652395890474, 0.045243688055621296
0.13527290733099942, 0.0449720290149947
0.13528546940818262, 0.04399826380530655
0.13529252494859817, 0.042806157356178126
0.13529786249123585, 0.04298697235002346
0.13529868985350996, 0.04304628719001639
0.13530402934039978, 0.04334368854461804
0.1353100644160235, 0.04367935506028504
0.13532344569743793, 0.04409889603539381
0.13533557868054816, 0.04389238188001553
0.1353507746286071, 0.04355060663987517
0.13535994897893655, 0.04357791622428257
0.13536278047554123, 0.04413245459842721
0.13536026210687876, 0.044711184694306995
0.13535981619566198, 0.04332127947306221
0.13536312611056334, 0.04371486187489562
0.1353661090468071, 0.044491494719092695
0.13537148785513498, 0.04379383100940873
0.13537503240164536, 0.04372781760895902
0.13538417169695077, 0.04508581275713926
0.13538733269344164, 0.04460081401262198
0.13539138917135507, 0.04472743764474502
0.13539097995714294, 0.04422167718623399
0.1353944743066806, 0.04434126751608863
0.13539942530179055, 0.043387785606456515
0.1354109895301529, 0.044121212118697274
0.13542243067504747, 0.043437772337370034
0.13542528445682867, 0.042531476141008114
0.13542842101017785, 0.04382756009044455
0.13544090905746867, 0.042959788112085874
0.13545149875779033, 0.044109333386954074
0.1354614666343426, 0.043488277734110965
0.13547803752665685, 0.04416587407931405
0.135484388199092, 0.04422330091331035
0.13548705482377965, 0.04544930925652452
0.13549241897901268, 0.045148373436180646
0.1354972415874436, 0.044011389814334105
0.13550016569519466, 0.044310962474652854
0.1355046904690981, 0.04472397360216081
0.13551240833719227, 0.04543541646996212
0.1355152741634469, 0.04428652104168715
0.13551912754559328, 0.045315284551496
0.13552829734423635, 0.04522513732892576
0.135537795475411, 0.04638861134092513
0.1355463098949236, 0.0462344373595728
0.13555819150211076, 0.04581071918118173
0.13555899938756102, 0.046128375149136
0.1355646363115461, 0.04515925806824284
0.1355694935181207, 0.04616921192688345
0.13557180888839981, 0.045312400883842585
0.1355713242238887, 0.043719549976091204
0.13557415863960914, 0.044060964847859374
0.13558610547588873, 0.044250585585850474
0.13559351531748312, 0.0442982764684656
0.13559463306240863, 0.04400812233036429
0.13560015392836824, 0.04522216727247326
0.1356116766087758, 0.04552677324003314
0.1356150624358912, 0.0449373782070564
0.13561238350221994, 0.045897258867488945
0.13561585307613203, 0.04457997704232358
0.13562101263612955, 0.04468049102391463
0.13562859898858473, 0.04499618645145767
0.13563656977975366, 0.04352793106837482
0.13564765460591388, 0.043704994718962456
0.13565807102270613, 0.04298385992223163
0.13566694617903705, 0.04368357706064961
0.13567894278021578, 0.04558217524775976
0.13568924833689677, 0.04481456554286987
0.13570136843214445, 0.044912622599778886
0.13571261343078755, 0.04475365521320042
0.13571985889878568, 0.04358632086509305
0.13572832582812364, 0.042443252805150114
0.13573425735568986, 0.043409771722077196
0.1357389519892877, 0.04401429736098791
0.135747914087989, 0.04433368989373201
0.13574855188629983, 0.045095466833781836
0.13575420668064073, 0.04530091503052163
0.13576006511951863, 0.04486497467793475
0.135764057186952, 0.04497695791879315
0.135767626662064, 0.04498078601533363
0.13577889188431302, 0.04472970872008551
0.13579333904158586, 0.04565897597465893
0.1358013543369699, 0.04650695370066933
0.13581115550513032, 0.046322658917201956
0.13581716459467302, 0.04649362609544827
0.13582030928137567, 0.04647025332676548
0.13582920750957395, 0.04652423379368943
0.13582781950739048, 0.04548536886074083
0.13583752389596943, 0.04673678428065337
0.13584395417661235, 0.04594614674562608
0.1358496884358868, 0.04612587381155217
0.13585563139502912, 0.0466189483280947
0.13586406614020735, 0.04650332133747209
0.13587187926149805, 0.045632059422801886
0.1358822234933807, 0.04674562900518078
0.13589180846067217, 0.04773163768839408
0.13590067389434712, 0.046809484484924155
0.13589880846576605, 0.04602018272150382
0.13590746620351907, 0.04485857513861094
0.1359179561603313, 0.04586750782588714
0.135929616958555, 0.04545287858845356
0.13593718299780097, 0.0459988136664351
0.1359426949612924, 0.04627104450639648
0.1359522215908691, 0.04679876317595522
0.13595851955903068, 0.04638029541564575
0.1359676668365762, 0.04744370249862685
0.13597540896955634, 0.04658602128656391
0.1359936462511028, 0.047310489733466216
0.13600451394812246, 0.046879660450867534
0.13601438514712214, 0.04822383538043426
0.13602595520957128, 0.047213030255769776
0.13603065417010965, 0.047567644358839305
0.1360384306296494, 0.04748890884516012
0.13604784286209357, 0.046929302887744086
0.13605457471448454, 0.046669416070669066
0.13606066487943375, 0.04623891005122897
0.1360655473914794, 0.0469212994947792
0.13607191950146535, 0.046716795115719564
0.13607534795244636, 0.046552943217193915
0.1360796615717025, 0.046481429245213604
0.13608758214174468, 0.046631222837389394
0.1360920908499543, 0.04706164906275704
0.13609749245125974, 0.04711142381410798
0.13610505087035465, 0.047986780491271204
0.13611157009000366, 0.04941221963413861
0.1361176132700415, 0.048620112681673044
0.1361243604840947, 0.04889626228102998
0.13612655585497208, 0.04892881813979046
0.13612948116278825, 0.048491499964009345
0.13613828815951257, 0.04801547453022368
0.13613600028329984, 0.04886673461721468
0.13613567898430604, 0.047780462546751536
0.1361468514293219, 0.04672078460438864
0.13615856945715812, 0.04616735703824258
0.13616586975786607, 0.04536925462639791
0.1361697104703055, 0.045922165341606994
0.13617869344728903, 0.04595282783436125
0.136189280769, 0.04695209433348595
0.13619521254674333, 0.046530213855886404
0.13620039277611676, 0.0462166006495673
0.13620361443788664, 0.0461331260619589
0.13620818865257484, 0.04735569638887304
0.13621821512847765, 0.04524414631641279
0.13623144777996407, 0.04550797869468503
0.1362394800170118, 0.04610897556553769
0.1362395345008942, 0.046145838218593034
0.13624642929608313, 0.04654256855559771
0.13625081985119247, 0.04711846279682852
0.13625080176601628, 0.0479315952649807
0.13625881466750916, 0.04676161794220401
0.1362663539043636, 0.04641721827302136
0.1362638017009141, 0.04586103848960349
0.1362701968256202, 0.046098028502501366
0.13627177768394894, 0.04613515098059688
0.1362730748248333, 0.04448677876638748
0.13627989197735704, 0.04507461190792014
0.13628819973344622, 0.04695195585497244
0.13629588810550008, 0.04668730567081572
0.13630338084935598, 0.04644203340629624
0.13631163247546313, 0.046015022603682794
0.13632282132388346, 0.04577739230125587
0.13633116573287274, 0.04784152258657845
0.136341524730157, 0.04856259237530326
0.1363488807968496, 0.04916094460283353
0.13635607704083005, 0.048975109282968894
0.13636294389230502, 0.04746139026655394
0.13637292509551732, 0.04686197861582129
0.13638243478527023, 0.045798820568922094
0.13639390431902682, 0.04651048111669572
0.1364056911138453, 0.04680599033466974
0.1364160188418033, 0.047513304183884254
0.13642033673021614, 0.04694132930781525
0.1364275532722754, 0.048112215515490206
0.13643498018639855, 0.047707581103297814
0.13645215129015917, 0.048802557795157075
0.1364568677542461, 0.047620836097611495
0.13646142672832787, 0.047943429427223856
0.1364717207037845, 0.04826672515282029
0.13647935251832483, 0.04680773247137461
0.1364844135194745, 0.046821972829055
0.136489141029562, 0.046466967145482777
0.1364945850496951, 0.04700263776264555
0.13649588633950183, 0.046937989978562425
0.1364971763930201, 0.04715830487691651
0.13649549975532213, 0.04769183124201916
0.13649714103212524, 0.04738962923313244
0.1365015683369366, 0.04791517712639373
0.1365032660980609, 0.04855205263853908
0.1365043096769168, 0.047986177364235744
0.13651014696847924, 0.04699770828716095
0.13651754921936404, 0.04757668436611709
0.13652172197693913, 0.04653293784564699
0.13652723456448818, 0.04713608034212166
0.1365310297797593, 0.04834829865805462
0.13653643032195475, 0.04718600073394874
0.13654318366032864, 0.04780717855493517
0.13655618412663428, 0.04805966101283058
0.1365622130892734, 0.04792026241096187
0.1365776222533129, 0.04817101820497073
0.13658143629916908, 0.048554818277526154
0.1365840891400055, 0.047680544832405775
0.1365890554531681, 0.04852146304105597
0.1365932062042108, 0.04906963311930777
0.13660130122185898, 0.04914305103932251
0.1366063675888436, 0.048372064627969204
0.13661599481457767, 0.04720013989498291
0.13662233494683107, 0.048524811661877866
0.13663053060433147, 0.04625721864174108
0.13663473284194766, 0.04660135277635465
0.1366388419094732, 0.04706172702651618
0.13664065616834237, 0.04745816536279525
0.13664956062209674, 0.04748339991156101
0.13665339353392236, 0.047800855874095556
0.13666589230360204, 0.04772788499894351
0.1366821845519971, 0.047315876781847385
0.1366936529452084, 0.047113261274704846
0.1366968450686659, 0.04728241207535933
0.13671000243239972, 0.04729178751111044
0.13672764105277452, 0.04699696115683543
0.13673734596131665, 0.04792263566817975
0.13674041703498788, 0.047994720924891744
0.13674742898999834, 0.0475660952977776
0.13675242043941677, 0.04817031012176392
0.1367578716358415, 0.0479620704649551
0.13676866607292226, 0.04696536151501498
0.13677027464989508, 0.04788320798558379
0.13677017849073084, 0.04737743073531156
0.1367759559669729, 0.04820448329432769
0.13677775876369622, 0.04848980645572853
0.13679332010908574, 0.048854637397116304
0.13680337124104902, 0.05056776578199479
0.13681092762615038, 0.05065084101611128
0.13682251515197494, 0.05080486683376903
0.13683532626808304, 0.04910601434072911
0.1368447609457035, 0.050769150711132874
0.1368520893378332, 0.05102322322072001
0.13685265930032078, 0.05038535798851396
0.13686133420465219, 0.05127803688412089
0.13687537625046495, 0.05105304933455031
0.13688987037449407, 0.050155470163547745
0.13689667477353604, 0.05038409439165422
0.13690514498626005, 0.050514085776109906
0.13691994593707305, 0.051786682240627845
0.13692878283659465, 0.051093305148222114
0.13694110680854982, 0.051233334740450526
0.1369520336503411, 0.050278345703867675
0.1369591651191664, 0.05014385781953893
0.1369711267699271, 0.04935336551051196
0.13698247098609811, 0.04824506487206652
0.13698983963413863, 0.048511825152191955
0.13699563911820567, 0.048403528189827856
0.13699928575168563, 0.04846935238989863
0.1370044441248969, 0.04851837918027242
0.137014141197104, 0.04886709932837317
0.13701898719511563, 0.048795163667456565
0.13702448103448842, 0.04925508325734074
0.13702967612938588, 0.04997530139062446
0.13703719642446827, 0.05059138616887425
0.1370408650260475, 0.05136346311263672
0.13704233768928933, 0.05208453158026339
0.13705271709575326, 0.051483775086274185
0.13706204203337946, 0.05083259089327151
0.13707589534148132, 0.05145864256414126
0.13708470659117486, 0.051514045916616076
0.1370927570667276, 0.0498477896499979
0.13709956511855007, 0.049305346356865766
0.13711179517017838, 0.04891774368170968
0.13712129091030065, 0.047941872072296915
0.1371372119359339, 0.049210939483898535
0.1371445194188779, 0.049477662069993586
0.1371607930682452, 0.04997698298533281
0.13716833893403851, 0.0493834279935556
0.1371791291116118, 0.04966666504602547
0.13718394875718473, 0.05016619879246017
0.13719033431613512, 0.05033401639461243
0.13719348539350867, 0.05058291252524067
0.13719868852520695, 0.050917754787054445
0.13720018266205428, 0.050460231738930425
0.13720516466038143, 0.049688951553522966
0.1372103030996795, 0.049350345261700054
0.13721115971334524, 0.05069679027990122
0.1372137612149581, 0.050473960411189456
0.13722466702962902, 0.05107610955794115
0.13723069400130758, 0.051726854524446676
0.13723916638158348, 0.05195541559629753
0.13724274452560528, 0.05118783832778396
0.1372453796554785, 0.05093344370582576
0.13725282390426774, 0.050591927545299266
0.13726068190649288, 0.05029124712865643
0.13726538648678568, 0.0506285922938011
0.13727762006157446, 0.05066661278969509
0.137287343774393, 0.0507766037999286
0.137303281071483, 0.050923976056492216
0.13731313407746581, 0.0502115513186005
0.137311484917723, 0.050365199351978016
0.13732334281170885, 0.05059974099717526
0.13733376669079939, 0.05041991717448279
0.13734507883518632, 0.05036273414910171
0.13735468361011607, 0.04974529358906834
0.13736476977063666, 0.05010327438200102
0.13737312120605044, 0.05084431900134884
0.13738565842057693, 0.04992340566928053
0.13739342110803007, 0.04942233025737336
0.13740671683681496, 0.04829120705957682
0.13741394598447884, 0.04808960954941805
0.13741854835763195, 0.049095647464312483
0.13742680163541796, 0.049386445645980326
0.1374309291510483, 0.050696785121618536
0.1374360889698614, 0.05028548197517651
0.1374472831474997, 0.050271971854425
0.13745890619353357, 0.04925532981568039
0.13746450977336083, 0.05081445114241809
0.13747579187428338, 0.05037540353672117
0.13748375373448607, 0.049995849632126436
0.13748720698446812, 0.050560600092263416
0.13749006378673717, 0.05027913870157471
0.13749214082515956, 0.05081666671590474
0.13749589726548994, 0.050807617612954
0.13750463754121042, 0.050785726311115595
0.13751463308634604, 0.04873904832939028
0.13752231559289177, 0.0500927954631456
0.1375347041276418, 0.049499430534005774
0.13754034822101174, 0.04943296535644883
0.1375459609147257, 0.04927050539428867
0.13755461765959076, 0.04989677758448297
0.13756289901217153, 0.04952218552489888
0.13757296995415774, 0.049428746303699755
0.1375807656145985, 0.04933691279211802
0.13759144767207196, 0.050102161100179524
0.1375927139087931, 0.05009330297827892
0.1376056106895657, 0.05023499902264102
0.13761862591107205, 0.050234343143571926
0.13762851451119654, 0.049585188073600274
0.13764571005889453, 0.05137948380105054
0.13765821099665748, 0.05059611234305482
0.1376655671389848, 0.051061562835718846
0.13767735691977687, 0.05171534675568197
0.13768623799672355, 0.051278008764272326
0.1376943338787734, 0.052191190611460256
0.13770106676112287, 0.05118082023309763
0.13770774034794056, 0.05071961717467345
0.13771992534723215, 0.053171364970359056
0.13772761227893263, 0.052033578683848704
0.13773995657910365, 0.05212582569659159
0.1377547078360747, 0.051969471812397645
0.13776869246818746, 0.05250587944404211
0.13777936831929355, 0.05062133201631204
0.13779031274228498, 0.05106612706103823
0.1377964889671499, 0.05148587213204814
0.1378051594014865, 0.0513237438099836
0.13781696718505604, 0.050649264931229655
0.1378327214085806, 0.048833573482343226
0.13784391225971274, 0.0501297262091839
0.13785492203172042, 0.04992282782675834
0.13786561875775036, 0.050899461151316966
0.13787186500704582, 0.051148678079824365
0.13788329341869107, 0.05171455556203992
0.1378878191864747, 0.05095164705554651
0.1378962412216709, 0.05051092685302564
0.13790940023138107, 0.051073542437883666
0.13792097563077074, 0.05186004082038672
0.13793660763117863, 0.05262943231271397
0.13794430725498508, 0.0520622142666788
0.13795611389542378, 0.05173565141511011
0.13796360882525077, 0.05224162870769888
0.1379732363911102, 0.05149626561027199
0.13798285016764988, 0.05233397298025239
0.13798837168128358, 0.05284659551324772
0.13799537750168248, 0.052263493878321646
0.13800399224669388, 0.05175064358411391
0.13801386068829455, 0.052665111864333744
0.1380209910026091, 0.0522052956763578
0.13802996804683734, 0.05212294345649722
0.13804323736670446, 0.051643651784327435
0.13804697541632313, 0.052678238738061336
0.13805627925738032, 0.051248006758340695
0.13807065004451277, 0.05144630527580028
0.13807626232455494, 0.051843942674205196
0.13808556495066557, 0.05170953605743403
0.13809560487903555, 0.050960149526849574
0.13810575826416846, 0.051928831412319354
0.13811627350115324, 0.051597034459693394
0.13812004615734408, 0.052871268903121486
0.13813016677303683, 0.05267635372573981
0.13813724555904766, 0.05290821316010133
0.13814588701355018, 0.052436604954436555
0.13814831866846541, 0.05241497117173966
0.13815948059786398, 0.05214958393946223
0.13816619499261998, 0.051588890721348174
0.13817740592119337, 0.051167938762091775
0.1381865531816114, 0.05046303565171303
0.13819458472329754, 0.050345222344431916
0.1382010542325087, 0.050177591200894454
0.13820721928015212, 0.0508483826116329
0.13821866589795984, 0.050352316930497416
0.13822738980167704, 0.051670654624407404
0.13823349487914957, 0.052044555463549594
0.13824600428720715, 0.05258717070947496
0.1382556352738341, 0.05300863229916612
0.13826137313844558, 0.052921531002538005
0.13827022670108427, 0.052179748780197446
0.13827766069199107, 0.05274394991465479
0.13828132990822545, 0.050406938961012226
0.13828906196356042, 0.05033246178458894
0.13829625217436878, 0.05084436358540225
0.13830493638315802, 0.050650726583498354
0.13831323340228968, 0.050989859603143776
0.13831809722657185, 0.051893753084528024
0.13832848402166517, 0.052918293811324464
0.1383415722495068, 0.05231120006317642
0.13835287748738676, 0.05248701788841533
0.13835550826713977, 0.05271576883790595
0.13836353222047812, 0.052132424294717025
0.13836802134365717, 0.0522697320593839
0.13837096697058798, 0.05205379154359237
0.13837475764906257, 0.05271232300099744
0.138378105273433, 0.052862772386695775
0.13838463501299533, 0.05360613179381665
0.1383972433336108, 0.053182071256089224
0.1384037782348803, 0.05219629146819662
0.13841906385790287, 0.051721365269775055
0.13843602562064453, 0.05228627760964482
0.13844137841998524, 0.052818605336726596
0.13845468356640928, 0.05379983004486919
0.13846446048903177, 0.05297833784867923
0.13847456646714845, 0.05378971448276809
0.138484289429651, 0.05351864307471277
0.13849926035397828, 0.05318006669406076
0.13850795187911577, 0.05340598476713293
0.1385221190783858, 0.05376570180881949
0.13852706175034363, 0.052890686939637194
0.1385448296560224, 0.053445170139059445
0.13855676798191308, 0.051365261756720536
0.13857008618891048, 0.052363750347914635
0.13858272650750458, 0.05187488993932655
0.13859330563968372, 0.05177771358431818
0.13860340959615639, 0.051476880604820585
0.13861229205373404, 0.05174100150757733
0.13862203100723144, 0.05142469821629261
0.138630013535578, 0.052813725564074404
0.13863647514297278, 0.05341254975846516
0.13864064755614589, 0.05364745823790632
0.13864814375779663, 0.05236136328925331
0.1386545629944367, 0.05127225385107092
0.13865971826132412, 0.052670614684194546
0.13866922738943704, 0.05262398793081104
0.13867590803676183, 0.05194094586165412
0.13868859695845412, 0.05284745490206296
0.1386959219301991, 0.05331672929367074
0.1387053965295866, 0.053270496100203006
0.13871689707284937, 0.05396569620621587
0.13872971616026897, 0.05342240317864742
0.13874139540993774, 0.052867036789675165
0.13874899155032977, 0.05428328224866251
0.13875539000844955, 0.053873454720821896
0.13876848952990042, 0.05430996442394065
0.1387798614820878, 0.05470486840250226
0.13879258647436038, 0.05515561971673875
0.13880250292337162, 0.05359768226251483
0.1388137928569869, 0.05387484164225259
0.13882605337126294, 0.05424029476885191
0.13883090228746373, 0.0541753864128809
0.13884593864666084, 0.052159868957648306
0.13885817200166958, 0.05185330665028389
0.1388677849650607, 0.051475521579258575
0.13887682809794105, 0.052166770795831624
0.13888332806218148, 0.052971162025742445
0.13889547129866345, 0.053829286865977516
0.13890468899740285, 0.05417169482661087
0.13891518442699788, 0.05289140817678751
0.1389237515605, 0.05371531782000801
0.13893953445952772, 0.05375097090909966
0.1389456081653441, 0.053661841621323675
0.1389583245031129, 0.05393553438857191
0.13897050901660868, 0.054254923919175566
0.13898129985344196, 0.05370831547668086
0.1389895986497402, 0.05369962570563214
0.1390038516402861, 0.05307513680250454
0.13900980281806682, 0.05284721101436391
0.13902137772516615, 0.05216363283046101
0.13903283726063043, 0.05208746765398995
0.13904261228775772, 0.05266648957036652
0.1390499602089131, 0.05226449232927646
0.13905720531070842, 0.05321704029591279
0.13906329596032105, 0.05372011443335783
0.13906370192566742, 0.05277367153566859
0.13907516174780848, 0.052993388652817754
0.13907775229146319, 0.05242315932796779
0.1390820805390522, 0.05405348758613326
0.13908607900317527, 0.05373905665164144
0.13910343807198736, 0.05420907497126601
0.13910386224475207, 0.05346352858073991
0.13911196560005878, 0.05294106205665236
0.1391194566041219, 0.05196437277690629
0.13912245705273782, 0.05308904394525644
0.13912975825538668, 0.05274466073949747
0.1391366456470503, 0.053002677284956654
0.1391498749137828, 0.05326551022922658
0.13916564545528884, 0.05263590740592008
0.13918279620118829, 0.05428295688283506
0.13919582176623946, 0.053816831648471675
0.13921124927322032, 0.053457213623242045
0.13922419325473845, 0.05279753966804084
0.13922733176665092, 0.05285675960028967
0.13923458316753975, 0.0524485377886668
0.13924010023032765, 0.05161300593548589
0.13924395801430542, 0.05274000346537223
0.13924758131453843, 0.05244926480702489
0.13925121266305043, 0.05238486084035068
0.13925924636218076, 0.053269958669105937
0.13926368516537993, 0.05319641374824219
0.13927497724839294, 0.05426707435213059
0.13928272290071925, 0.0550375267099669
0.13929051790819136, 0.05395459683655563
0.13929247634039124, 0.054313755553644795
0.13929583080918514, 0.05510442211313068
0.1392992649113094, 0.053677819099292735
0.1393006554704552, 0.05402528935581838
0.1393057723002722, 0.05382626974682175
0.13931272813300766, 0.05283800047996551
0.13931879987761955, 0.05210534214956371
0.13932673952551725, 0.05313369014616031
0.13933348913879542, 0.053109101312038394
0.13933710972487257, 0.05373898956027192
0.1393489753838967, 0.05404901064239398
0.1393592892304076, 0.055719283867834875
0.1393602409688062, 0.055041909726577264
0.13936837925571136, 0.05364252153315879
0.13937781020766124, 0.05389187755465191
0.1393876019433296, 0.05550995850725726
0.13939818232950607, 0.05536308155977531
0.13940946761474626, 0.05501470397627412
0.13941687077902604, 0.05371178785722573
0.13942307882303798, 0.052622538595129026
0.13943383106718832, 0.05342832655365747
0.13944169809280027, 0.053980508019953785
0.13945070313309202, 0.05345061639317018
0.13945472383176652, 0.05385373955085425
0.1394610747451067, 0.052875422279827465
0.13947556664564884, 0.053040252703730355
0.13948777082929703, 0.052450072526305264
0.13948649025352422, 0.05312432292632589
0.13949110364092884, 0.053461855508431154
0.13949925495345655, 0.053963418541432655
0.13950797618669783, 0.053231888140361755
0.13951865170895905, 0.05340477199270572
0.13951975121688007, 0.05277081653868448
0.13952563782367108, 0.05207159246189855
0.13953214972163394, 0.052662928627296705
0.13953199530671342, 0.05518360069239755
0.13954081355207104, 0.05520617574777132
0.1395433239527726, 0.054240504023640515
0.13955002187107038, 0.054526936503000084
0.1395497112536557, 0.05406843537737263
0.13955194156210807, 0.05286863203526564
0.13955896156440256, 0.05293758773389754
0.13955825431611107, 0.05324420498993361
0.13956356890547603, 0.05282566346474453
0.1395661571349552, 0.05381265950233665
0.13956780504948166, 0.05276157193961392
0.1395735467061288, 0.05329253620003422
0.1395750281819656, 0.053836450134133025
0.13957885959287983, 0.054394131749150254
0.1395863009920375, 0.05418541729254168
0.13959061741670112, 0.0531705186440396
0.13959582220423744, 0.052064512355116034
0.13960155982503933, 0.053465213088157
0.1396092912954789, 0.05386028816253745
0.13961962336393632, 0.054149393138452254
0.13963293443550231, 0.054681474919663214
0.1396427554945842, 0.05512003809819684
0.13965711670303962, 0.054541559212524765
0.13966450418798937, 0.05497804932129054
0.13967365549886696, 0.05463186510510927
0.13968147635990225, 0.05534189661351831
0.13968466116226588, 0.05507109923245086
0.1396952597502631, 0.05524123481041354
0.13970442688962426, 0.055497273346516655
0.13970981250526082, 0.05499601169074245
0.13971428127024377, 0.0536047754107564
0.139719909519031, 0.0548143614643195
0.13972231330850263, 0.054648076952757065
0.13972721551772047, 0.055334388940703645
0.13973375729322762, 0.055258680890725186
0.13973978973102963, 0.053979429911815306
0.13974623342320266, 0.05323143709061114
0.13975804840471323, 0.053068525820923564
0.13976435774590085, 0.05354860721133812
0.13977031437189744, 0.05558627218388907
0.13977924183521484, 0.05607439160895393
0.1397916681116559, 0.055413037291609624
0.13980301647262383, 0.05472278710003287
0.13981327005466193, 0.05482418434176508
0.1398238370825536, 0.055536204103855354
0.1398358921083186, 0.05578841060517171
0.1398535375678083, 0.054899338303536126
0.13987027860148923, 0.05449124001046423
0.13988384288706637, 0.05473385917126796
0.13989263994685927, 0.05418760006433775
0.13990500773146772, 0.053558243138075806
0.13991078624833939, 0.05312771636456459
0.13991547894118245, 0.0537283445131348
0.13992313015643632, 0.054878861463447115
0.13993100789378454, 0.05491218066195065
0.13994052558817308, 0.05510228361662517
0.13995236877373773, 0.054218144911071645
0.1399612727196282, 0.05504392615438484
0.1399718905925791, 0.05507884328770517
0.13998275965002716, 0.054307045315841136
0.13999096994084742, 0.054580042558761574
0.13999848323758704, 0.05552735716896411
0.14000484772889557, 0.05376039979219333
0.14001905222170613, 0.05345551303712529
0.14003290377092786, 0.05400550653824071
0.14004444170393818, 0.053896830728952294
0.14005686453337626, 0.05565588326799404
0.14007282856156922, 0.05556806812296001
0.14008078577140048, 0.05545962364887916
0.14009101305292287, 0.05484769306841673
0.1400969417015828, 0.055908984353267285
0.14010586542613282, 0.05460432161102834
0.14011966921572777, 0.0546220926365646
0.1401245161012315, 0.054352422756196936
0.14012419462449166, 0.05519266997466361
0.1401279678933656, 0.05501239333808748
0.14012935734551038, 0.05355388985333712
0.1401284395885774, 0.05374099526835326
0.1401347371733737, 0.054145268644772156
0.1401464620497475, 0.054972510761883274
0.14015604973659837, 0.05486304041333191
0.1401634476193227, 0.05535313313368264
0.14017152404987568, 0.05555865618889239
0.1401875721098308, 0.05530150423182584
0.14019936970973712, 0.0555061979860652
0.14020676169261356, 0.054164509371695396
0.1402117936981414, 0.053829380404100784
0.14022051834862154, 0.05363113941774542
0.14022764984294153, 0.05366679002961704
0.14023853796256464, 0.054524891873916306
0.14024793751214115, 0.05450243952316309
0.14025508352202976, 0.05301264359824929
0.14025730375025663, 0.05264262882174026
0.14026301848091174, 0.05439741024295939
0.14026471558389145, 0.05457404411770893
0.14027233501322428, 0.055254208278438854
0.14027320328358653, 0.05582948705129862
0.14028354887154637, 0.05542720445505619
0.14029283671141532, 0.05463145552808718
0.14029953124060687, 0.05464517297344018
0.1402991266174124, 0.0545999556824093
0.1403066794771321, 0.05423157929549191
0.14031542464994154, 0.05361148693070495
0.14032397760744855, 0.054064742647468765
0.14032845036591912, 0.05482975688258013
0.14033455696092467, 0.055719140375050207
0.14034287768300685, 0.05674833113400074
0.14034607143258496, 0.056634961527180075
0.14035141412588978, 0.0580454144484265
0.1403611019433333, 0.05784112098058676
0.14036700590282125, 0.05644552391336863
0.1403711062198859, 0.057226184125398705
0.14037426758351224, 0.056876594609271844
0.1403803654742139, 0.05665198173231583
0.1403862361185055, 0.05533804903507289
0.1403895270535312, 0.05597263116618665
0.1403983625331096, 0.056774031939449486
0.14040528388537937, 0.055992473876791016
0.14041026708821602, 0.05570465773117376
0.14041041452272618, 0.05713844889353421
0.14041691253072341, 0.05676957479545135
0.14041872245742526, 0.05586438601602703
0.1404213454097972, 0.05770972235420154
0.14043296693111035, 0.057527513772730104
0.14043531618354962, 0.05755090732772448
0.14044267007896524, 0.05796159679038098
0.14044961366606332, 0.057155821894818874
0.1404583901328025, 0.05762523824000069
0.14046796425655447, 0.05651139821057282
0.14047203626347685, 0.05663880782755379
0.14047284940524182, 0.056503412808109534
0.14048236679323278, 0.05677370747417242
0.14048228363433418, 0.058081252633630065
0.14049310833534623, 0.05817621521927716
0.14049770621622842, 0.05853936935385039
0.1404975069913076, 0.05889034138630816
0.14049748018594957, 0.058310928555873665
0.14050230835593258, 0.05860464150181651
0.14050885329641505, 0.05874352753026213
0.14050889957700377, 0.058020156720497984
0.1405121116876545, 0.057520253040153124
0.14052023290128546, 0.057242537134881484
0.14052812823190264, 0.05679224213301387
0.14053679354109733, 0.055950614764592246
0.1405444902760695, 0.05731115449876069
0.1405567896506122, 0.05656844198842805
0.14056234183740127, 0.05571392687769572
0.14056677243204418, 0.05617300645152117
0.14057169969714178, 0.056728116184130754
0.1405812206940658, 0.05635245705432909
0.14059230486831772, 0.05565055438776033
0.14059813870513685, 0.05639591580861467
0.1406022284617046, 0.056884027754830986
0.14061509411319564, 0.056876642442856125
0.14062466305679103, 0.05608191638385585
0.1406373360758359, 0.0571644061105014
0.14064360469633475, 0.05730132795161401
0.14065043162468857, 0.056780838224015834
0.14065585845995954, 0.05579125392935794
0.14066656192617097, 0.05576798089489929
0.140677716584401, 0.05655777206463763
0.1406868381049073, 0.05660287493410763
0.14069484370441906, 0.05686411401061741
0.1407016509640196, 0.056915958181702656
0.1407089767361484, 0.05655153853649339
0.14072081262686056, 0.056743270210742124
0.14073698977735635, 0.056931742108646814
0.14074902768021824, 0.05779761638159754
0.1407568567703899, 0.059046413439339834
0.14076954544116144, 0.0576888364719003
0.14078095626948042, 0.05807518058965033
0.14079158506887496, 0.05845410162680866
0.14079702669453595, 0.057707979249326316
0.14080762209850783, 0.05685829649870048
0.14081412105637475, 0.0582170284719571
0.14082786153623994, 0.05819386987278375
0.14083336394088333, 0.05785531244254031
0.14083866866383882, 0.05892907303098076
0.14084956684875974, 0.0578327547377678
0.14086568447293737, 0.057400104114106974
0.14086828352570613, 0.056054923048640314
0.14087505459921765, 0.05752122680541411
0.14088041416446306, 0.05794185693463847
0.14088511473567317, 0.057446409546806645
0.1408971670409475, 0.057099512119158334
0.14090432693317814, 0.05863782892639769
0.14091748780617955, 0.058155662993356214
0.14092672320288685, 0.05649025913758288
0.14094358084361658, 0.05611762592636797
0.1409565816248273, 0.056375763362284864
0.14096984974366641, 0.05620229902495789
0.14097817443828847, 0.056392851358674105
0.1409904682028223, 0.057178749457727836
0.14099701677128568, 0.056718794627665055
0.14100038718842878, 0.05700780463156703
0.14100029921125648, 0.057532376134383126
0.14100238278289473, 0.058033205852933645
0.1410099172593846, 0.057438436783055304
0.14100218727386093, 0.05782617233141531
0.14100786360386436, 0.05807003730245817
0.14101118440484445, 0.05812641958169922
0.14101419705055218, 0.057904301526890245
0.14101768274165846, 0.05784674624106191
0.1410265641981752, 0.05908487498056068
0.14103778157288624, 0.05799147717144132
0.14104836026519962, 0.05806819266917688
0.14105270765691413, 0.058743109417196904
0.1410602564232028, 0.059398001132510175
0.14106235061957328, 0.05958571779532262
0.1410717699626629, 0.060210613114331506
0.14107940075446926, 0.05994578708364744
0.14108548417211658, 0.05976355214851762
0.14109142275727046, 0.058552794623792044
0.14109593239359144, 0.05888115977400679
0.14110382943164518, 0.05998817351065877
0.14111162696343646, 0.05920812961315656
0.14112263285866708, 0.058906504569795376
0.14112512214380202, 0.05872169355182271
0.14113491218473678, 0.05871925532630659
0.14114380293806064, 0.057657523791465555
0.1411523441288897, 0.057161792823801134
0.14115427109181952, 0.05732653978258942
0.14116262970587462, 0.05761111447162118
0.14116890643666574, 0.05700666400779256
0.14117413406931778, 0.05800777409268352
0.14118268468114567, 0.05773536031409535
0.14118869283483199, 0.05912573531627897
0.14120439142859867, 0.05960465265357193
0.14121684140729204, 0.05920557334001365
0.1412252622242558, 0.05968193141718484
0.14123200766019844, 0.05956076685320614
0.14123706399560665, 0.05812334387062058
0.14124146528287654, 0.05784602985535772
0.1412431641060998, 0.05882867717656946
0.14124266637015248, 0.060100517357678504
0.14124305454468056, 0.05939499380333345
0.1412471846913875, 0.0584043446604956
0.14125153022934395, 0.059112915741739554
0.1412660047021104, 0.05935429949756184
0.14127769394381456, 0.05919753922736526
0.1412888626888305, 0.059008320521458414
0.14129945947973488, 0.05968657161685665
0.14131216581836645, 0.05926200275976541
0.14132012225745583, 0.06024822041651638
0.14133056753981757, 0.0607442456078688
0.14134231214640844, 0.060389392740832507
0.1413570363479436, 0.05947809997243549
0.1413697102008515, 0.05821330026806701
0.14137523947628114, 0.05807826793986998
0.14138795459413886, 0.05823005721488164
0.1413988469298408, 0.05843152246690324
0.14141080925320676, 0.05867842740561998
0.14141595854100758, 0.05922595535697387
0.14141493020690601, 0.05886533545828962
0.14141803022165772, 0.059753977881845076
0.1414289840430086, 0.05926967601847203
0.14144651827552485, 0.05940904291213831
0.14146053823544016, 0.05813885932700688
0.1414684478277417, 0.05705589435860769
0.14147481514595436, 0.057213726944016316
0.14148298479959254, 0.057537113279162944
0.14148881962376814, 0.05878850923723623
0.14149655430280816, 0.05842186485228511
0.1415080939279905, 0.059175111991492405
0.1415141920290761, 0.058326143216811226
0.14152110249590272, 0.057989574639703674
0.14153646233678396, 0.058444460903812674
0.14154902369541156, 0.05806841168361194
0.1415607552272023, 0.05787462849643471
0.14157246441020255, 0.05719159719432123
0.14158180617779648, 0.05784796825617379
0.14158965166060553, 0.057931354765881564
0.14159784708372083, 0.05728301561022579
0.14160809679996134, 0.05714828263072802
0.1416157623885159, 0.05790881606210323
0.14162682144913988, 0.05854030572228909
0.14163204613798605, 0.058026259908095824
0.14164273951234363, 0.05747708030046055
0.141655852724494, 0.056927489770182575
0.14166034415040343, 0.05602677780455486
0.14166739600814862, 0.05572027896453815
0.14167825525956862, 0.05684559580391249
0.14168744485824575, 0.057052722215358155
0.14169148149324606, 0.056936965682729185
0.1416953902653365, 0.05648852275672093
0.14170615184605478, 0.05612780752571459
0.14171376548365092, 0.056795456757671905
0.14172292892225424, 0.057530782154503
0.14173257889826718, 0.05879639370662504
0.14174265877809028, 0.05912218373542989
0.14175232998955717, 0.05885985559388138
0.14176343464366198, 0.05784511432153855
0.14177395313953178, 0.05790821950289412
0.14177949991727962, 0.05928231509724858
0.1417813912585727, 0.05900865683874246
0.14178585598131377, 0.059530245649137795
0.14179087330736564, 0.058292992060277195
0.14179946989432138, 0.05858833520799043
0.14180666124527813, 0.05830016671523713
0.14181411451742798, 0.05900684645546371
0.14181981016442632, 0.059070431709213805
0.141829513772392, 0.059360333716216414
0.14183542994187096, 0.05834319593555314
0.1418451127674469, 0.05911403323824201
0.14185064387005858, 0.05929486498644135
0.14185391072011405, 0.059990071092353686
0.14185066069844993, 0.05933687818929732
0.14185906624082054, 0.05903911434567661
0.14186801066674692, 0.058334689908065715
0.14186579306997868, 0.05982387398015045
0.1418716156869686, 0.05984591195897219
0.14187612941542485, 0.06145014376866357
0.1418881226220156, 0.06122355525848609
0.14189020225242796, 0.060112437833848086
0.14189764510859648, 0.05968322942751275
0.14190776821675924, 0.059345995457939275
0.14191845687593643, 0.0586329520044328
0.1419253056933651, 0.05894720290201479
0.14193848995520073, 0.058455864046084396
0.14195473191709945, 0.05824717924473127
0.14196483922610942, 0.05843928739179116
0.14197793160699207, 0.05892017931646431
0.1419870598664589, 0.0590045001141947
0.14199260111706624, 0.058156459902056236
0.14200371491906177, 0.05815154055397644
0.14201712392823326, 0.05857654875768356
0.14203147275305192, 0.058688057880192136
0.1420430846249477, 0.05987969347120239
0.1420514586426271, 0.0588574024658926
0.14206678206780207, 0.058773083468875595
0.1420774904235377, 0.0584755813551096
0.1420905673311405, 0.058156693653799184
0.14209921565071518, 0.05798965398637718
0.14211065456215044, 0.05774913268348956
0.14211976357187306, 0.058257443769421526
0.1421343972496928, 0.05755892821586806
0.14213454023468092, 0.057149355419126455
0.1421399495190116, 0.057668813379977035
0.14214771854502645, 0.058382437632354144
0.14215549399361044, 0.05889278921535429
0.14216680785498445, 0.05903699250356645
0.14217312682187894, 0.05686128208710715
0.142185879192607, 0.05756335741044592
0.14220173314500636, 0.05708332481778444
0.14221045531761886, 0.058159843537885815
0.14221461772068406, 0.05803240408649275
0.14222118508906523, 0.058171120126591966
0.14223632934622973, 0.05803241823089539
0.14224658932181636, 0.05819214808353999
0.14225573099539973, 0.058345174550497265
0.14226187591456532, 0.057650801301264695
0.1422659858636245, 0.05885811330232113
0.14226887869025523, 0.05842335101755453
0.14227714253035806, 0.059076774769910086
0.14228326018190196, 0.059746321741387706
0.14228974438042022, 0.05875011265028683
0.14229540111892827, 0.05861588092378513
0.14230677826537722, 0.058419972358419704
0.14231853515743367, 0.05873401539447886
0.142330064142743, 0.05806975899682311
0.14234132978415293, 0.05895331139506668
0.14235392648286996, 0.05719798401528626
0.1423615776155657, 0.057101642156456994
0.14237639229876084, 0.05695264089541201
0.14238415673449226, 0.05803265725401137
0.14238848237587065, 0.05803848459043672
0.14239604517869411, 0.059376528545682754
0.1424047818691283, 0.05934766383168632
0.1424094815538551, 0.058034387044151065
0.1424148211230474, 0.057330829468759635
0.14242632213129855, 0.0575748143051349
0.1424387975894879, 0.058054095395639514
0.14244947052421006, 0.05884992234812105
0.1424604620966103, 0.060739167297436544
0.14246635965066123, 0.05921311096639586
0.1424733521137379, 0.05981157924646735
0.1424791703848941, 0.058167290918769404
0.14248377263069187, 0.05734130654338625
0.1424902597024441, 0.05804892825726401
0.14249858078691485, 0.05898806911786495
0.14251275262144364, 0.05845703321989848
0.14252332596830788, 0.05930479980227309
0.14253068313018288, 0.06045956719890008
0.14253801930512647, 0.060584413861497384
0.14255202922048826, 0.061872222307599194
0.14256072091453945, 0.06092888241238818
0.14256530359123848, 0.060439759809791375
0.14257390385992477, 0.059536354157390156
0.1425807336734458, 0.05988790482529458
0.14258425176964007, 0.05840899704449696
0.14258508126119, 0.056714796206561974
0.1425927986788132, 0.05688020629716532
0.14260643200005546, 0.05836608930521291
0.1426103382095564, 0.058272798335916774
0.14261578163719646, 0.05762938564916981
0.14262342941521763, 0.05778793258665745
0.14262702665025342, 0.05718545554459686
0.14263786809491222, 0.05614086186237111
0.14264291422469982, 0.057292121083533515
0.14265075006708086, 0.058197247668208094
0.1426574596878061, 0.05874541601170702
0.14265946936886867, 0.0591092506758144
0.14266293061718588, 0.05892556673043341
0.14266919107611828, 0.05836002957638961
0.1426786476026296, 0.05920331230458786
0.1426789610961888, 0.05979336717353711
0.14268199883201604, 0.05923561831130004
0.14268462972431317, 0.05923624934774891
0.14269222468127946, 0.060388046174456075
0.14269146669591487, 0.058798016507995446
0.1426986576878295, 0.05718646590471032
0.1427035334538948, 0.0574781148646832
0.14271019168744825, 0.05833182906887437
0.14271134393698642, 0.059507487103300075
0.14271692122028734, 0.05884132535013754
0.1427249438392659, 0.058403222958599024
0.14272773303809574, 0.05862880577069533
0.14274032277102588, 0.05785881531879532
0.1427481818935853, 0.05849253488369205
0.14275778104089692, 0.0580112590994127
0.14276434874958013, 0.0579842054654273
0.1427751867956502, 0.05860337977328492
0.1427849291557107, 0.05870855415416363
0.1427985031304222, 0.05945602225398624
0.14280561533414665, 0.05959963158388456
0.14282207542215578, 0.0590530753483499
0.1428304178278862, 0.05937748483468288
0.1428409654158044, 0.059659814210725144
0.14284323906537003, 0.0592381775331648
0.14285124824358558, 0.060201536733586386
0.14285682289024937, 0.06020670618531531
0.14286216295469045, 0.05951450192159735
0.14287313632538926, 0.060512442659569066
0.1428813799179735, 0.06013619875250021
0.14289321545070255, 0.05987723625864411
0.14290255230964896, 0.059501846200250064
0.14291180878223206, 0.058810117421842445
0.14292260711162164, 0.057924317864827796
0.14292724359516, 0.05881853356551454
0.1429355920288166, 0.05939867171670006
0.14294439473431156, 0.06072440382760373
0.14295127512817482, 0.05921120090858275
0.14296460098692884, 0.059290030723345336
0.14297557224795912, 0.059093999075579905
0.14298578459698155, 0.057667874982830956
0.1429922622159472, 0.0574889656661152
0.1430018363965108, 0.0588863023089972
0.14301194207725748, 0.058273230926607564
0.14302428694850128, 0.05836988826588864
0.14302748226448617, 0.06008057506916085
0.14303174303506733, 0.05940513529933955
0.14304076898220183, 0.05917058867376497
0.14304180812338677, 0.058891661892428525
0.1430470300881031, 0.05806095699295827
0.14305034335840341, 0.05874644343295535
0.14305315554746176, 0.0585391325631531
0.14306000136847707, 0.05843296291399412
0.14306734846698574, 0.058781607839234404
0.1430755461719473, 0.05808472300731716
0.14308334645003, 0.058188351198489544
0.14309549840840327, 0.05790619305247307
0.14310432553080552, 0.05838588760969471
0.14311496881144167, 0.05779273074108553
0.14312141077806578, 0.058089212808530695
0.1431289306707611, 0.05917127874592796
0.14313815383990658, 0.0592651122063223
0.14315123821570472, 0.058625081969244035
0.1431671665866209, 0.060064713656726255
0.1431769691841395, 0.06040257239254542
0.14318607404950878, 0.059985439392970734
0.14319236357304663, 0.059777812304104554
0.14320193316674493, 0.05987382217303204
0.14321218723172577, 0.06099062745034203
0.14321330170409718, 0.061207021671660276
0.14321402926344837, 0.06018581829531048
0.14321944550705198, 0.0583118756452289
0.14322530119959714, 0.05873826287209039
0.1432305439379836, 0.057413484954222806
0.1432379135075128, 0.05775077451133537
0.14324412440612835, 0.05853052652186069
0.14324730136017336, 0.05891679687148208
0.14325362299998365, 0.05916258832883224
0.14325966806082288, 0.05920419472640442
0.14326341495144201, 0.05949860606469123
0.1432636847404393, 0.05984785148898007
0.14327402934517408, 0.0591066968071498
0.14327984488905549, 0.05976526834389666
0.14328774920980936, 0.06080950290312477
0.14329071315311334, 0.060292769490921744
0.14329864613131857, 0.060580746046605384
0.143312055549735, 0.06161373564501084
0.14332691342311932, 0.061832808831691566
0.1433347541819676, 0.06165289944007423
0.14335011072587453, 0.06064124157381613
0.14336143082829045, 0.061021634626627345
0.143370747202032, 0.06100688730957596
0.1433815851005785, 0.060630592080723245
0.14338732316846078, 0.06078944533405413
0.14339316249706083, 0.06127038765606495
0.1434059689772522, 0.06078298742882662
0.14341385792419475, 0.06061109460775883
0.14341901586423506, 0.060723032844231514
0.14342363253810345, 0.05981977269914929
0.14342785340509492, 0.06052279754485758
0.14343287150733536, 0.059958655564994655
0.1434449120409764, 0.05994281959837022
0.14344639704409662, 0.05987494700605309
0.14345638539211134, 0.05991845836361081
0.1434650553469687, 0.05985797616613418
0.14347685519971412, 0.060039872432427734
0.1434837984982583, 0.06044562303780549
0.1434986100381736, 0.06000150258311816
0.14350504234551892, 0.05963571626657729
0.14351590333036687, 0.06004629613792239
0.14352847708216981, 0.06010548920585821
0.1435372328920038, 0.06043881140146267
0.14354543490759078, 0.061539217388533685
0.1435534861032387, 0.06079671782324016
0.14356308018890832, 0.06022646464175948
0.14357700490278927, 0.061428245647602985
0.14358470419448544, 0.061980723706501636
0.1435915234044556, 0.0620327325983911
0.1435949885108853, 0.06242796123342683
0.14360227764071837, 0.0625398593910451
0.14361043648774913, 0.061271178975673336
0.14361734048589486, 0.06034853149665541
0.14362643775539288, 0.061921031219698434
0.1436315563322935, 0.06049705318342554
0.14363685216644614, 0.060451878580679956
0.14364293898263153, 0.06027701602316922
0.14364700200138789, 0.06014762834756454
0.14365601524021895, 0.060021151909189885
0.14365607685526055, 0.061087619892306495
0.14366543368876775, 0.06069902415474476
0.14366845460277294, 0.0603560234163118
0.1436745585928877, 0.05938494718555286
0.14368296306564712, 0.05955823538091052
0.143682772900005, 0.05902170938476877
0.14368606642782797, 0.0598447545841878
0.14368630731034815, 0.060199427178791586
0.14368824011715525, 0.05933520886709329
0.14369262603310007, 0.06106262507792849
0.14369914690604485, 0.060923718501174215
0.14369944063569418, 0.05979840399522627
0.14371025706891416, 0.059765969792736726
0.14372050041285617, 0.06031130394391887
0.1437257105532027, 0.05960963425796686
0.14373633335915245, 0.05980375911078884
0.14374712861552505, 0.06071746698053597
0.1437594683928317, 0.06071405931914679
0.14377271450885099, 0.0602932039027875
0.14378423845952118, 0.06090580150663722
0.14379665542569628, 0.06098252769000359
0.14380868125469598, 0.06049047361727608
0.14381841727846875, 0.06127798111933102
0.14382829285265525, 0.06124412645821367
0.14384109792804278, 0.06057659150995091
0.14385201714851817, 0.06119245199681708
0.14386541489808571, 0.06124661802323558
0.14387245149353278, 0.060142450391218516
0.1438819240282237, 0.06036943096129897
0.14388568617805497, 0.05921040727711268
0.14389160206284526, 0.059901838566222665
0.1438910757580942, 0.05994704508416859
0.14389764664743399, 0.060250884999400955
0.14389897909479205, 0.061189618980110105
0.14390417232251532, 0.06132973597838802
0.14390567696238826, 0.06139811660916412
0.14391296732309414, 0.06135067039694831
0.1439247902941277, 0.06154008468486827
0.14393265309416645, 0.06148334389310463
0.1439433935109576, 0.061244479649287295
0.14395103076797994, 0.061975527415053244
0.14396144102725417, 0.06203224856385982
0.14397211203268623, 0.06188130757100932
0.1439763270412723, 0.06149260181837801
0.14398285939590905, 0.06145481756427069
0.14398503925538716, 0.06121445750534812
0.14399153121394268, 0.06103123406813473
0.1440050137526978, 0.06047281254695506
0.14400916819891477, 0.06145818354730092
0.14401618346288386, 0.061301576491224787
0.1440185775449222, 0.06076925920067125
0.14401653752212368, 0.06204904895080292
0.14401865378373532, 0.06290853273633151
0.14401864524915947, 0.06251896058289722
0.14400981530895354, 0.06215851397353887
0.1440111134273846, 0.061052937064224995
0.14401762912634844, 0.061371199778116066
0.14401570917547737, 0.06118077024506194
0.14401804728156492, 0.06227122577844129
0.14401891878224612, 0.06173203191671245
0.14402273306819566, 0.0612000282683574
0.14402848300276616, 0.061885006517854536
0.14402813279434476, 0.06199252530528969
0.14403712557019557, 0.061207993646029565
0.14403933425946552, 0.06130592282512525
0.14404455716821293, 0.06119654154158712
0.14405336016778253, 0.059992331870484125
0.14405587644985354, 0.06088467001612998
0.1440622224706878, 0.060956936780038246
0.14406751826871317, 0.060402945797260785
0.14407638473724563, 0.060946351728166086
0.1440829019041459, 0.06090344059733934
0.14408861567482362, 0.061186398237725384
0.1440939543055161, 0.06126573227016169
0.14409936876278187, 0.06107719472895413
0.14410594322483747, 0.06097746976712834
0.14411551341995196, 0.06083063334149246
0.1441235888568157, 0.061702853981264745
0.14413279515910324, 0.06116390981789195
0.1441350966229693, 0.06131526706886633
0.14414133329000398, 0.06168059973950502
0.14415110033971718, 0.06140104309738561
0.1441597780165078, 0.06137464352020319
0.144159134790404, 0.06220134062390105
0.1441593161509721, 0.06239499690634928
0.1441652224578655, 0.06186891084820611
0.14416701062599457, 0.06122619071114933
0.14417310608812112, 0.060890301081699495
0.1441796757915363, 0.06107215084109058
0.14418716771212417, 0.06242064267055683
0.144193679326685, 0.06389414415373786
0.1442027358387673, 0.06389084172844689
0.14421059511796813, 0.0629442639854205
0.14421953959042777, 0.06282374725746753
0.14422517621307934, 0.0629295979535373
0.14423292703610188, 0.06236199704437332
0.1442393073678, 0.06161111599588479
0.14424659222717287, 0.061361408847490306
0.14425250692916292, 0.062225705063560025
0.14425394035739295, 0.060968539380520374
0.14425779475302855, 0.06085649242573205
0.14426570667441668, 0.0610343659382808
0.1442730979641469, 0.0603547029768768
0.14428336645959375, 0.06104891343319895
0.14429056127635348, 0.06065096317254657
0.14429757195839976, 0.06101364181872479
0.14430686120823202, 0.06183935498253667
0.14431367678479196, 0.06165734489385545
0.1443179587524321, 0.06085423753118198
0.14432079083423913, 0.0617337524022816
0.14432594654597677, 0.060981800364170065
0.14433396721649133, 0.06132236151607061
0.1443389680718398, 0.061165607357970164
0.14434884482374458, 0.061026967441502204
0.14436076048036708, 0.06060775093274189
0.14436360379163482, 0.061365979812981204
0.14436985746551068, 0.061181569616605445
0.1443739983822665, 0.059733328530588846
0.14437890650365814, 0.06019426400601467
0.1443815889834253, 0.05950316465375143
0.14439037342998967, 0.059117873413054196
0.1443942627755519, 0.0583270998705284
0.14440351906506343, 0.05845558083259093
0.14441107260046415, 0.058904896295962655
0.14441929354578545, 0.059643781785591085
0.14442364269556884, 0.06041299823501021
0.1444308503502281, 0.06135501839740456
0.14443471604578662, 0.06061683995504708
0.1444414515517892, 0.06019982191784623
0.14444730299575342, 0.060799908434729676
0.14445466252404418, 0.060731043168857746
0.1444595868914166, 0.060327074310913525
0.14446442647313543, 0.06142435128941105
0.14446946393199447, 0.06013467948857342
0.14447501464349416, 0.060262716506785476
0.14448395258503363, 0.062118304989602136
0.14449074728481812, 0.06176848265144185
0.14449478794667878, 0.06145633213185575
0.14450276319104804, 0.06090699324599075
0.14451119633057655, 0.06023696099449326
0.14452227576171253, 0.06015641493421267
0.144534811057499, 0.05864659833459739
0.14454458904105474, 0.05938955863592796
0.14455323173279053, 0.05936036786066454
0.14456601290566007, 0.05959626123017803
0.14456864059981778, 0.059815045348827596
0.14457969624151903, 0.06013972823257602
0.14458868474682393, 0.060847124978824434
0.14459344912260272, 0.0617127878111412
0.14459709128697756, 0.06231390029205678
0.14460411691889777, 0.06239796461204284
0.14461216942803062, 0.0625844186038976
0.14462457174506207, 0.062097752507448575
0.14463431259233253, 0.06089034750905218
0.14464288834625932, 0.059883320063776266
0.14464852855827479, 0.05944183146522086
0.14465129348224215, 0.06030214049470433
0.1446545620904735, 0.06078000421922257
0.14465710819326294, 0.060272794738748095
0.14465693332492666, 0.06011256652520121
0.1446629184640448, 0.061476821203253734
0.14466277293222693, 0.06094809568418038
0.1446574974017571, 0.06053777364695056
0.14466200379601502, 0.061536263471829174
0.14466112799601344, 0.06337471286074775
0.14465538015365392, 0.0635971646229668
0.1446577448293335, 0.06355045721644532
0.14466326729984397, 0.06340996034496894
0.1446649162492198, 0.06455075040956613
0.14466997849642008, 0.06421841015661224
0.144678231710048, 0.06444052378352622
0.14468277279831143, 0.06408777053598702
0.14469171815415574, 0.06336626113203982
0.14469792056817488, 0.061996824638453886
0.1447039155490402, 0.061706673570229804
0.14471292734920216, 0.06230232834450087
0.14472176218943422, 0.06234264286464236
0.14473163756781882, 0.06178116833094641
0.144736996636757, 0.061872270962484856
0.14474999446209083, 0.062795391416807
0.1447614506239278, 0.06317729856504653
0.14477663629972382, 0.06315210366890726
0.14479352963918501, 0.06268769241291955
0.1448039122373801, 0.06329201013697273
0.1448106244886113, 0.06308364233836311
0.14482170676909487, 0.06398069372745864
0.14482944711916046, 0.06359277363941682
0.14483461597322267, 0.06476061917244172
0.1448429672585636, 0.0644465380353111
0.14485565676936898, 0.06284689882018736
0.14486423841534055, 0.062488802542464826
0.1448779880536909, 0.06309036953197733
0.14488935673915013, 0.06232455398290169
0.14489367374310252, 0.06263545587679997
0.14489705481401155, 0.06371783199355112
0.14490585242297677, 0.06366397686489104
0.14491582197572445, 0.06387191600805833
0.14492737224858174, 0.06394757180154417
0.14493393468725754, 0.06402779279640425
0.1449493934311684, 0.06370565791497988
0.14495344129969293, 0.06298957039562929
0.14496583855628645, 0.06431851307576027
0.14497833708065075, 0.06418684677132082
0.14498415217884283, 0.06327541608579386
0.14499450109001008, 0.06364395522023328
0.14500444784643418, 0.06256708995889108
0.1450087752613315, 0.062126010277283795
0.14502385109171873, 0.06317227467130788
0.14503825646196336, 0.0634066009810577
0.1450487346689839, 0.06293765843773766
0.14505661665623767, 0.06232057166468131
0.14507033446146353, 0.06192004531229567
0.14507876401267705, 0.06275389952050625
0.14508527961664597, 0.06350076259386399
0.14509142259918947, 0.06469147957441881
0.14509729713245428, 0.06458665381430181
0.14510089787921535, 0.06502808441269503
0.14510292310634937, 0.0638286015984689
0.14510810145925856, 0.0637412807985209
0.14511597264143228, 0.06417763362627571
0.14512773160130418, 0.06445007468386163
0.14513704068489527, 0.06506540832374592
0.145149787872206, 0.06612430365912011
0.14515670355099478, 0.06527943884895003
0.14517347970251213, 0.06467529903213372
