0.08577514446330141, 0.05480141699327459
0.07309153004995535, 0.0502253033593302
0.06570325583051385, 0.047166281582261806
0.060562573933027185, 0.0446781463683573
0.05666318266223435, 0.040679930332175374
0.05355030131745281, 0.038824147889645215
0.05097621557923128, 0.03680870777874561
0.048791903220597004, 0.03600529175873614
0.04690208726571492, 0.035808654501905325
0.045243755668072975, 0.034777838408015155
0.04377120921328029, 0.03440224669858131
0.042451774560866934, 0.03317415180425846
0.041258814889000434, 0.03289436161710759
0.04017361865215811, 0.032566777035318406
0.039180091468498206, 0.031843451720539526
0.03826505824155992, 0.03135899987505486
0.03741996276366976, 0.03215817175520182
0.03663587600159404, 0.03191595554647818
0.0359056030117118, 0.03136756187089869
0.03522383795593569, 0.030604712532663274
0.034584435081190634, 0.030185447526244
0.033983364540828814, 0.02974770645064115
0.03341733741272386, 0.028839262178308844
0.03288285552212095, 0.02849897890490602
0.03237749561571495, 0.02758250822866223
0.0318985347326785, 0.02720211999113119
0.03144386737963994, 0.027099272645703484
0.031011518648468586, 0.026454228444024466
0.03059998634430407, 0.026260948447948348
0.03020732144596678, 0.02600346667531521
0.02983268613837664, 0.02553302458124936
0.02947430031851518, 0.025562893579533424
0.029131849623293668, 0.025371217225660055
0.028803475651420808, 0.025283125097004276
0.028488749437313592, 0.025115619599893207
0.028186194123590455, 0.02480521893817967
0.027895738679535136, 0.024738760235535125
0.0276157129185433, 0.024580416602523417
0.027346214693265192, 0.024826403574269018
0.027086738977147442, 0.02436675718988362
0.026836344147658925, 0.02444958959234081
0.026594720807115006, 0.024336277669502665
0.026361105069916742, 0.023889526925619263
0.02613551048570048, 0.02355714526419182
0.02591753451312871, 0.023043941726224794
0.02570675606300195, 0.022901996665625667
0.025502525941498363, 0.022571515489614263
0.025305015061353638, 0.022147926487197277
0.02511331120074756, 0.02178370406873662
0.024927481406843713, 0.021576913676172683
0.024747029168828906, 0.021764436666093217
0.024571918960665504, 0.021838074843754465
0.024401585354040817, 0.021791731007441945
0.024236378242471126, 0.021640116944581234
0.02407553680648368, 0.021519832804617802
0.02391936661468198, 0.021713012477495065
0.023767227586905172, 0.021400599617773887
0.023619340195521747, 0.02140614334305118
0.02347515171626224, 0.021360065751330645
0.02333462318619218, 0.021159648394691793
0.023197719594030435, 0.0209674781044179
0.0230643502900953, 0.020880905615025678
0.02293440594097341, 0.020442746252313543
0.022807591902534393, 0.02043665017553091
0.02268361836406027, 0.020506838074296988
0.022562717731107188, 0.020437628535245923
0.022444643976191697, 0.020056315482269882
0.022329167652475793, 0.020326750048825285
0.022216399923999815, 0.020089586376907036
0.02210604100987135, 0.019727667419174158
0.02199829627855262, 0.01963090201007726
0.02189264876526366, 0.01948197194730694
0.0217894406664106, 0.019387961009810457
0.021688094843864372, 0.01921971145067042
0.021588947665991367, 0.019310161338462237
0.021491767021065904, 0.01928630021935407
0.021396841157799867, 0.019233865751576824
0.021303720206621017, 0.019121596621299603
0.021212839108072853, 0.01891329903491658
0.02112347652251994, 0.018725965495557516
0.02103591007473462, 0.018580793755499505
0.02095013559757326, 0.01844824164736322
0.020866034429034955, 0.018531183550574728
0.02078346986832344, 0.01861018901437636
0.02070248801253468, 0.018564645971584443
0.02062278278418069, 0.01865994818365756
0.02054462109731721, 0.018663311546443663
0.0204681565913361, 0.018424191470341536
0.020393124771506416, 0.018296203363167104
0.02031951732012712, 0.018330172276902087
0.020246922792937026, 0.018235639304929822
0.02017565367527673, 0.018025203231412518
0.020105547242621067, 0.018065570108885085
0.020036822386114504, 0.01792434846270014
0.01996934504118907, 0.017835928192323443
0.019903267946304877, 0.017918069352169667
0.019837619769098463, 0.01780193688544313
0.019773439957419748, 0.017857519806995178
0.019710647253973403, 0.017837124281006828
0.01964854426385115, 0.017673743168519926
0.019587497476273343, 0.017781777552909408
0.0195273728124001, 0.01761040962000319
0.019468579871273112, 0.017415346544943373
0.01941019266281332, 0.017463892010796792
0.019352963696624075, 0.017423758553594834
0.019296543711967595, 0.017468653115894694
0.019241336920020804, 0.01739114112193351
0.01918691111260601, 0.01718427769481282
0.019133304828522154, 0.01750750077196802
0.01908022373228325, 0.017262153100706275
0.01902808970235172, 0.017213077917385043
0.018976810200944078, 0.017335340301194786
0.018926161038104874, 0.017479444985941436
0.018876277906909232, 0.017393597978272127
0.018826785663460723, 0.01729455515530004
0.018778357492303343, 0.017203295303264397
0.0187304041822298, 0.01709976883669738
0.018683284584262685, 0.016884094661269517
0.018636954609513385, 0.016771218895499457
0.018591329457910068, 0.016797708074934845
0.018546175881145065, 0.01672069498175428
0.018501787039376334, 0.016611576619167814
0.018457996423287503, 0.016812002304850734
0.018414858835104297, 0.016673095049110576
0.01837247625768801, 0.016693895606209826
0.018330151684914614, 0.016336871070389485
0.018288672230170052, 0.01631071786232623
0.018247760727998642, 0.01639158047862599
0.018207251261369316, 0.016255890395619376
0.01816725748388326, 0.016527538824030578
0.018128061065658695, 0.01678769857835859
0.018089122903613013, 0.016756474988552095
0.01805098788182035, 0.016868588373932167
0.01801287943696233, 0.016808305739902923
0.017974918809036493, 0.016923246397508536
0.017937622823304456, 0.01675479946590402
0.01790115385390363, 0.01653755487258882
0.01786490680586745, 0.016738510093431327
0.01782887088401961, 0.01667614043203318
0.01779314432032118, 0.016650981273357884
0.017757979016747725, 0.01647175408044265
0.017723476390095194, 0.016399848974339312
0.01768918906279307, 0.016310978691974756
0.01765531199618302, 0.016597811122719797
0.01762186812905504, 0.016472219872459146
0.017588622833042567, 0.016316889317765374
0.017556079935894038, 0.01629118471522339
0.01752339045579441, 0.01626999151173009
0.01749126134291821, 0.01622439056666542
0.017459653389666405, 0.01633815183857744
0.01742848981450457, 0.01618752747294757
0.017397574444801694, 0.016228348349521866
0.017367030243864018, 0.016134768052371243
0.017336866474844656, 0.016209109855815026
0.01730718419012906, 0.016085752455159148
0.01727756191169547, 0.016033046980107886
0.017248196473465233, 0.01598738716542356
0.017219042231758668, 0.015764566637980596
0.017190322307798538, 0.01562876518230495
0.0171619046140099, 0.015739832933883247
0.01713380566401939, 0.015651024693164428
0.017105736186798615, 0.015658377169338926
0.017078278019068038, 0.015807184952073578
0.017050918681382164, 0.015903754201330614
0.017024005844857436, 0.01574349560797634
0.016997644011411645, 0.015653167488595295
0.016971568586386106, 0.015569992546850106
0.016945570127853794, 0.015538240894745065
0.01692002365206036, 0.015585471940335221
0.016894552234962622, 0.01537752423985226
0.01686942941497042, 0.015413293451127881
0.01684445115597069, 0.015509040126300921
0.016819414744526737, 0.015533605762133295
0.016794741681636558, 0.015469199959969463
0.016770610727019714, 0.015494183916113352
0.01674648845770675, 0.015528504953688411
0.016722507093887534, 0.015506717313375207
0.016698582309846242, 0.015494611348642873
0.016675046300335287, 0.015268737128849368
0.016651734583199934, 0.015368040081999273
0.016628572906628784, 0.01523865578364605
0.01660576181213159, 0.015142350251052991
0.016583133361948957, 0.01520089677199464
0.016560584836557073, 0.015097764030627618
0.016538169915421126, 0.015262481649196018
0.01651584573147163, 0.015328888802592023
0.016493711887678307, 0.015288084148363289
0.01647176828147112, 0.01529243567664099
0.01644988594945502, 0.015207975830573076
0.01642861482772673, 0.015187282248792712
0.016407347060155942, 0.015099751940520784
0.016386298002718798, 0.015025583836401016
0.016365225573799182, 0.01513576622570185
0.016344668895640305, 0.015196296281259762
0.01632417350418209, 0.01503150498534842
0.016303816182110024, 0.01496004571525543
0.01628343368962881, 0.015171579331747195
0.016263388124673425, 0.015183482936910051
0.01624380814265459, 0.015046687330157243
0.016224139049169306, 0.014910529892742594
0.016204765268228238, 0.01487104618428317
0.016185529966103628, 0.014651112286477594
0.01616676042181998, 0.014584447731572105
0.01614781807049395, 0.014392443088767292
0.01612921401754911, 0.014356498002000558
0.01611058872627177, 0.014384107855037034
0.01609210001671057, 0.014477307044367003
0.016073763788702625, 0.01452568308358604
0.016055602599305968, 0.014419229914485123
0.016036901920886647, 0.014604720855337606
0.016018626793812142, 0.01465604911116918
0.016000814357288996, 0.014714740042154374
0.01598292939454008, 0.014743802693005756
0.0159651723026053, 0.014828794611287718
0.01594755384515376, 0.014764236246780579
0.015930114591831957, 0.01471104070373916
0.015912854331994058, 0.014699201922271825
0.01589570003460652, 0.014733493757576403
0.01587843786520251, 0.01471308758568343
0.015861615463913667, 0.01470671687561172
0.015844809453478187, 0.014646929228093799
0.01582815897348494, 0.014667296212170777
0.015812034765718987, 0.014636453978042802
0.015795488398924886, 0.014652050175622888
0.015779303684231166, 0.01470642879168941
0.015763556407369393, 0.014650103706153269
0.015747632397173267, 0.01479731338243807
0.015731320957395427, 0.014704879075131273
0.015715295591965977, 0.014739879982500117
0.015699757466163956, 0.014661682681673706
0.015684023780926093, 0.014411463958393402
0.015668874561096183, 0.014569759381975191
0.015653569307695597, 0.014644399982025616
0.015638617224945313, 0.014614853547650377
0.015624025247952476, 0.014642796558119698
0.015609226276472555, 0.014759238519231882
0.015594346545236122, 0.014581513353062684
0.015580224306893391, 0.014787347357380595
0.015566274188230447, 0.014846356125124846
0.01555199935902201, 0.01480291072946294
0.015537871365890646, 0.014805160574131311
0.015524152950033732, 0.014813691038802633
0.015509959060030729, 0.014887614101313847
0.015496417240634396, 0.014987592145252348
0.015482987238865747, 0.015046951639612002
0.015469573740504793, 0.015060825802568087
0.015455930195354102, 0.015026001334897609
0.015442551508862212, 0.015032620601344922
0.015429152943733154, 0.015217094660875336
0.015415588426719102, 0.014954879765866139
0.015402781988958345, 0.014812238158411374
0.01538998031919928, 0.014797154171736734
0.015377253239539139, 0.014913275860800022
0.015364569312686413, 0.014875843442997963
0.015351876563141957, 0.014730568922772705
0.015339515990098751, 0.014734312510952393
0.015327256889363431, 0.01463070323528653
0.015315093277844784, 0.014637727742161611
0.015303155037678056, 0.014607121329357537
0.015290692815131167, 0.014564490039378845
0.015278752559415881, 0.014668719190419803
0.015267170095735527, 0.01461266358545376
0.015255562968466925, 0.014594823348073684
0.0152440665647427, 0.014562186909776122
0.015232330586991596, 0.014501500211781511
0.015220432000715486, 0.01428321833370734
0.015208720614709717, 0.01446407290777882
0.015197220332681961, 0.014521821221553413
0.015185851421698668, 0.014465291677312156
0.015174307859861883, 0.014500218080209702
0.015163124271525746, 0.014265613372775383
0.015151738256543191, 0.014174704601452705
0.015140578013723193, 0.013944967172485275
0.015129404785580182, 0.013841142808056216
0.015118344373479704, 0.013814020131995106
0.01510749987383526, 0.01387190097509591
0.015096752732467767, 0.013830599664515443
0.015086055595282645, 0.013687539505954747
0.01507540499799754, 0.013708894283373492
0.015064889880312252, 0.01388769046160247
0.015054078421746766, 0.013914873637732373
0.015043371688646143, 0.013874139537881629
0.015032925892545767, 0.013985236547053626
0.015022458429629088, 0.01384804522519628
0.015011732392526459, 0.013930026072973153
0.01500098549485718, 0.013985907392337005
0.014990430173761534, 0.014038538813512979
0.014979977661667677, 0.01410517502451537
0.014969549058382778, 0.01402363394035398
0.014959265096631695, 0.013890017045578353
0.014949031843601098, 0.014096301247460636
0.014938532290947342, 0.014513429506793784
0.014928480810307974, 0.014671947506398057
0.014918479793079455, 0.01449151815441943
0.014908279931766345, 0.014440100844601194
0.014898193923592684, 0.014405860276188455
0.014888132309420009, 0.014426089902479292
0.014878353282947978, 0.014382368204421897
0.014868734741737938, 0.014541911616461003
0.014859076353058104, 0.014429444434887684
0.014849227187861481, 0.014464654086933162
0.014839680281307398, 0.014293932680338062
0.014830162587252754, 0.014314936058071695
0.01482027338018966, 0.014258202593094915
0.014810851941378572, 0.014447236343630787
0.014801411017283635, 0.014405610204585317
0.014792101339848101, 0.014428460413014474
0.014782601819794523, 0.014511730685669019
0.014773040646393143, 0.01436052350623552
0.014763646433890667, 0.014414302597473004
0.014753992042106681, 0.014388316569452988
0.014745157615905021, 0.014390187988118518
0.014735966870349716, 0.014316816803442772
0.014726930735768369, 0.014339486832600513
0.014717826700615794, 0.014315845526297092
0.014709081616258578, 0.01408570864777073
0.014700161997747471, 0.01412442247926403
0.014691548444358115, 0.014183832878647488
0.014682471509190768, 0.01414450389893559
0.014673346316705447, 0.013997054264886332
0.014663968996549466, 0.013956796068375075
0.014655240678009718, 0.013939068145435218
0.014646811028403482, 0.013900300042220407
0.014638382250152451, 0.013885947827415744
0.014630129163079646, 0.013772512426732029
0.014621442251408849, 0.013676854345776913
0.014613012549918968, 0.013740736011606795
0.014604713093944836, 0.01380038310052715
0.01459668098113116, 0.013759039211816789
0.014588273681741003, 0.013831823995130364
0.014580016562533812, 0.013878483755151588
0.014571613531760345, 0.01384780787864708
0.014562846789211487, 0.013776437541318546
0.014554491836101252, 0.013904566691657098
0.014546075957435494, 0.013998200287920277
0.014537650286542447, 0.014083974503423016
0.014529333490568544, 0.013949746572044602
0.014521159531675494, 0.013989739172351115
0.01451335328597262, 0.014221721919604215
0.014505663490101909, 0.014192593857773498
0.014497686181830918, 0.0140930550157971
0.01448974514552475, 0.014216207081662515
0.014481748679309719, 0.014077084351405068
0.014473953040063357, 0.013948685977390593
0.01446611822284853, 0.013913510818947358
0.014458254707813822, 0.013951601223954122
0.014450662562225373, 0.01375634613195224
0.014443207089656573, 0.013583745879406044
0.014435900012978701, 0.01353650915592824
0.014428039939012852, 0.013653788729752288
0.014420691695161232, 0.013704156179822643
0.0144131640502563, 0.013623458894375861
0.014405565229825293, 0.013706557847319192
0.01439799072946613, 0.013510803107707848
0.01439061201662374, 0.013566125961648556
0.014383398429630035, 0.013589383964948043
0.014376063078671751, 0.013277869660944849
0.014368830240909394, 0.013332003608526835
0.01436143372552247, 0.013358831923698467
0.014354114233250406, 0.013233223863131544
0.014347222012185542, 0.013185423999262086
0.014340600753748366, 0.013274780270300487
0.014333482372162185, 0.013163514625501749
0.014326771811327887, 0.013289120493773758
0.01431981502761806, 0.013090817217782642
0.01431324640013849, 0.013020278656610195
0.014306224407070646, 0.012783346946055247
0.014299351571759647, 0.012901177226209563
0.014292784375515379, 0.01304174694206507
0.014286563827598638, 0.013279646900511286
0.014280148770608304, 0.013128960566051269
0.014274139907248469, 0.013118333226080739
0.014267731312687564, 0.012992312291357135
0.014261356020064024, 0.012753637256256096
0.014254801320326761, 0.012545996600948376
0.014248224687482906, 0.012766228117258345
0.014241817199629064, 0.012948206176636992
0.014235065293226861, 0.012858855345424513
0.014228606734747504, 0.012925447023856718
0.014221997499973257, 0.012878793115243068
0.014215500288358522, 0.012811852309491152
0.01420923681309495, 0.012756922164542132
0.014203044737426293, 0.012991772128027252
0.014196584917975222, 0.013044639612948447
0.014190027873125117, 0.013111277676606452
0.014184108980199157, 0.012975396945151409
0.014177406653815722, 0.01305302445769539
0.014171070578555538, 0.013137549000824207
0.014164397469265838, 0.013026856145340382
0.014158415507040348, 0.01316587148258008
0.014152256642403575, 0.013177053418954109
0.014146465312564338, 0.013200486562437688
0.014140613029308666, 0.013266831250337114
0.014134775744116073, 0.013278587667537358
0.014129125200817673, 0.013327255584180298
0.014123299315516879, 0.013260177082814177
0.014117619167090183, 0.013238957982138597
0.01411224958607135, 0.01334675971882967
0.014106155716246661, 0.013339269160257195
0.014100497478819841, 0.013277781894754358
0.01409487433140474, 0.01315022611948177
0.0140888463493544, 0.013016001519860218
0.014082675663093177, 0.012800668648699408
0.014076658674305161, 0.012750870346520527
0.014070941420624539, 0.012727629773887686
0.014065026640475485, 0.012480871379079397
0.014059081252973433, 0.012333802880696491
0.014053267090198069, 0.012632309174558745
0.014047294736005213, 0.012652495483079056
0.014041683171172463, 0.012673731190139209
0.014036163386151084, 0.01270663566996685
0.014030428376538224, 0.012649663372854147
0.014024632450231223, 0.01249460328527614
0.014018943287345277, 0.012447259601725005
0.014013322352570448, 0.01260498974975475
0.014008074949418182, 0.012531991917547943
0.014002600557985455, 0.012531056598246005
0.01399719729307407, 0.012576225558154002
0.013991722779454974, 0.012746290538363224
0.01398605633408428, 0.012655808123990989
0.013980921121094397, 0.012635447952748374
0.013975913187242287, 0.01280964243938088
0.013970889521774782, 0.0129511217580032
0.013965872225433893, 0.012905484302179806
0.013961049428422868, 0.012891006433565848
0.013955852706800437, 0.01301667221521939
0.01395051692642616, 0.013028931488988834
0.013944679648552935, 0.012927753875909262
0.013939391042855437, 0.013041273715197723
0.013933970493882984, 0.013069151774912692
0.013928622963393306, 0.013234184436160756
0.013923766860063047, 0.013083873292807701
0.013918621769606574, 0.013170108959215363
0.013913604111602373, 0.013338812822158576
0.013908896802036063, 0.013302905935713049
0.013903857974178372, 0.013152263470693327
0.013898933972236634, 0.013186276745393683
0.013893922773323053, 0.013186362624131164
0.013888974521651514, 0.013365209324118676
0.01388407159700063, 0.01339313729972791
0.013879013622729875, 0.013539074640311321
0.013874000956037436, 0.013464948512059047
0.01386892066328976, 0.013532824215479543
0.013864045300099666, 0.013708976190364451
0.013858798311222756, 0.01366790375715509
0.013853992288595044, 0.013679044628322694
0.013848910842538757, 0.01365930447828888
0.013843830959194293, 0.013577343552466405
0.013838727941270204, 0.013556395842003329
0.013833583348585731, 0.013737461319055755
0.013828889797861774, 0.0136033624058483
0.013823872648862829, 0.013502594046748348
0.013819589075594238, 0.013441263004451844
0.013814962908879128, 0.013374876569909842
0.013810262771771336, 0.013488971906137836
0.013805393922087648, 0.013435854974574314
0.013800533742509542, 0.013404358316672034
0.013796219231739125, 0.013195096955307123
0.013791387433984597, 0.013229320436241573
0.013786761985182217, 0.01316811049210407
0.013781789518303974, 0.013101059951995113
0.01377717120614193, 0.01314353950842824
0.013772533654958502, 0.013105111075736501
0.013768012480831565, 0.01298643536125352
0.013763646254724132, 0.013150384147758102
0.01375903509702045, 0.013078233166163505
0.013754050667111465, 0.013009436476514617
0.013749611662425174, 0.012949318059105132
0.013744528291373315, 0.012735588501367306
0.013740226535463336, 0.012852690681049923
0.013735953196466673, 0.012807044210377896
0.013731417174092372, 0.012683227950103652
0.013726586330344666, 0.012664688727165729
0.013722442299209079, 0.012667185935084532
0.013718148351742543, 0.012724451514967462
0.013713833990576834, 0.01268970499518955
0.013709575687207126, 0.012831348301667234
0.013704835641402837, 0.012879090747730358
0.01370068302023854, 0.012843959377721587
0.01369623200363116, 0.012955496310437726
0.013692042824027245, 0.012803966104835845
0.013687583007265237, 0.012811430775191597
0.0136832426713366, 0.012683480517987176
0.013679245139144711, 0.012849306245323421
0.013675000919351657, 0.012648813802846558
0.013670388507680112, 0.012632196945608791
0.013665893233591164, 0.012547761011822063
0.013661227706648925, 0.012442756041660103
0.01365686830525226, 0.012357200852960298
0.01365288586541428, 0.012172205386959881
0.013648762974179371, 0.01220742045983995
0.01364446467722224, 0.012321836464095494
0.013640077914195732, 0.012308650718764264
0.013635835451378756, 0.012421815289448976
0.013631724136357253, 0.01245038224680423
0.013627716427434258, 0.012401506772770736
0.013623450830303894, 0.012345335438015581
0.013619412723031368, 0.01250144111531873
0.013615071984550307, 0.012600247164133742
0.013611093362334596, 0.012728240822794386
0.013607233389497307, 0.012771559039851546
0.013603046833359167, 0.012579078875889283
0.013599189084037658, 0.012447236974449806
0.01359525667551958, 0.012611079202540183
0.013591347844593172, 0.012758224087863352
0.013587295556701452, 0.01280135881560296
0.01358332133561892, 0.012776629340418297
0.013579619704226147, 0.012647769818996896
0.013575719919865056, 0.012616727204803651
0.013571878498236165, 0.012545523959865627
0.013567964156610974, 0.012712532337439278
0.013564200657790954, 0.012731601263135967
0.01355990024327783, 0.012777357263901204
0.013556234477575507, 0.01275436495491781
0.013552620238295843, 0.012858777118303702
0.013548959981400033, 0.012947234100255882
0.013544867087398367, 0.012952061747626356
0.013540726228776218, 0.012936667098532573
0.013536784866571209, 0.013243638942417322
0.013533008333380668, 0.013100213125214616
0.013529289090802008, 0.01302097693578753
0.013525704339826378, 0.013311693475030122
0.013522272053702983, 0.013456818541966236
0.0135186930391891, 0.01339795420988929
0.013515171177851521, 0.013428361058819633
0.01351134576212101, 0.013248623452734818
0.013508054064539572, 0.013005083260953853
0.013504536434984423, 0.012859514896703833
0.013500891757531384, 0.013002144950904179
0.013497642947375382, 0.013018203311175664
0.01349432658226215, 0.013087488693977703
0.013490634894291656, 0.013058272115111862
0.013487539093897778, 0.012954786941706464
0.013484281419622633, 0.01300683925747316
0.013480818516646734, 0.013023938721158052
0.013477238731251654, 0.012936928289925735
0.013474009713662876, 0.012934088900313515
0.013470646761442509, 0.01298129189260588
0.013467013181752188, 0.013006127311501447
0.013463592794570167, 0.012972340933691429
0.01346026308652536, 0.01309940124280519
0.013456945046999997, 0.013036972811632463
0.013453825749932062, 0.013070770059631136
0.013451154495492971, 0.012910343681573047
0.013448286005260159, 0.01287553279229302
0.013445047931137787, 0.012805596623473884
0.01344228697951751, 0.012766772971562944
0.013439350757491478, 0.01271818705947872
0.013436090417516975, 0.012858525449233531
0.013433029023149403, 0.012820192792790624
0.013430386281482614, 0.01266199346647846
0.013427555383102226, 0.012551727468399262
0.01342464906240358, 0.01268582683154075
0.013421793799704117, 0.012702804423561835
0.013419061207174217, 0.01272889440815993
0.013415949924461386, 0.01271012087050718
0.01341345052390347, 0.012731276585342692
0.013410522015912219, 0.012861176255050838
0.013407538031461018, 0.012949233375226776
0.013404917675648692, 0.012855359703074954
0.013401922738857973, 0.012749592681532813
0.013399007532923413, 0.012790039263537856
0.013396366398582433, 0.012976555155206782
0.013393592138206933, 0.01293453725936216
0.013390889715239105, 0.012809349121769741
0.013388113529736593, 0.01278982127459399
0.013385511941612359, 0.01278618078961791
0.013383070381983449, 0.012833816467556523
0.013380168450546412, 0.012849033289607166
0.013377470069085918, 0.01268205317527339
0.013374987938573377, 0.01256497612119567
0.013372339701878854, 0.012565288323071867
0.013369157520321428, 0.012409289447833136
0.013366531646609937, 0.01262675115550591
0.013363908843676343, 0.012601766544206024
0.013361371803334493, 0.012663156322952136
0.013358433332220946, 0.012571234410802474
0.013355313807272623, 0.012656822145505673
0.013352842861395714, 0.012787231302923691
0.013350058021751793, 0.0126045495834758
0.013347769290467815, 0.0125996408826576
0.013345312146925447, 0.012535016863797547
0.013342737432091292, 0.012713864230331783
0.01334009145337073, 0.01270171709898901
0.01333752027173368, 0.012629380446308229
0.013334704863027914, 0.012540827786150763
0.013332069036550289, 0.012656622977350604
0.013329570407687992, 0.012604870222691036
0.013326839490379572, 0.01249651320989725
0.01332416444593925, 0.012525525394155771
0.013321640977660204, 0.012589536584274488
0.013318950369706596, 0.012447533768217906
0.013316354841812334, 0.012631346829831034
0.013313822262734198, 0.012653702787242744
0.013311037118189884, 0.012519505660210593
0.013307748425802183, 0.01218832386545169
0.013304835227835647, 0.012140877684433586
0.013302192494141381, 0.01215759100638738
0.013299396680672947, 0.012122777830715517
0.013296590846197399, 0.012097032063539539
0.013293818878730448, 0.012196097630767013
0.01329102330010151, 0.012157888334972507
0.013287920414409063, 0.012469808213285674
0.013285101612645145, 0.01250455649834093
0.013282131840607173, 0.012374736803212705
0.01327910697312299, 0.012434004334933909
0.01327637817229957, 0.012566886284511932
0.013273526592296189, 0.012347175330321238
0.0132710239578422, 0.012371691191824422
0.013267885216779718, 0.012469473046959513
0.01326507368828339, 0.012389060912287603
0.013262335073551504, 0.012432963584523588
0.013259520656647095, 0.01248095914148944
0.01325681326022887, 0.0126340587119642
0.013254138486892714, 0.012457907037275331
0.013251688416289585, 0.012405082867742176
0.013249280542784552, 0.012403224435426036
0.01324665522242028, 0.012371443511939896
0.01324452548778032, 0.012422197168339937
0.013241666039932674, 0.012438159515890189
0.013239054203035816, 0.012568130726676757
0.013236349917187789, 0.012595689009609648
0.013233693439576267, 0.012474942930382473
0.01323118226084507, 0.012427435744012689
0.013228710803904522, 0.012467394351870454
0.013226521915449665, 0.012464795643522902
0.013223774360808205, 0.012205005947668199
0.013221253673141656, 0.0124231396166943
0.013218573422943612, 0.012245665121173145
0.013215983552250444, 0.012374625504246433
0.013213037022531935, 0.012408962512970807
0.013210157667695469, 0.012360709871850074
0.013207799757012282, 0.01231268416390118
0.01320497299116182, 0.012219301199507395
0.0132027617134516, 0.012290029464602455
0.013200332795306382, 0.012360422681293235
0.013198252065155566, 0.012461170454544432
0.013196162910202975, 0.0124774936059803
0.01319392688510778, 0.012458704391660231
0.013191774628334273, 0.012533699042471196
0.013189316621902192, 0.012684597275970523
0.013187039024729515, 0.012665994481459794
0.013185263504638826, 0.012584103372573669
0.013183358916837064, 0.012595876930490833
0.0131811061349241, 0.012521588135152473
0.013179229694902648, 0.012639466314802427
0.013176994722839626, 0.012548000810729288
0.013174930564298573, 0.0123800577659767
0.013172903010760989, 0.012326614378861166
0.013170563699279254, 0.012344893981040368
0.013168518999201793, 0.012325166737641923
0.013166274715218402, 0.012295777383565003
0.013164141914666225, 0.012432463561632853
0.013161693363399455, 0.01266366073834739
0.013159487341928627, 0.012529965592771667
0.013156994695139463, 0.012495009552844709
0.01315479691108481, 0.01262672767935404
0.013152764230784876, 0.012845951368785281
0.013150438341445116, 0.012607383256760024
0.013148193375694167, 0.012440996245947142
0.013145558937927336, 0.012497148235429736
0.01314338638361444, 0.01241848596002907
0.013141101239941954, 0.012334534143344329
0.013139246215660717, 0.012449136017331889
0.013137228542073226, 0.012497888436110485
0.013134925622569505, 0.012390862605799479
0.013132861614842962, 0.012395794812646946
0.013130430550187854, 0.012337312897851636
0.013128326418477654, 0.012169422790017093
0.013126356026486966, 0.012286937096306443
0.013124142363735368, 0.012157259418959478
0.013122022807814047, 0.01216529488494886
0.013119958798419836, 0.012209142021712449
0.01311795880045539, 0.012260728122682233
0.013116062867911104, 0.012163822390134206
0.013114345206709233, 0.012327063218982463
0.01311232825589068, 0.012413030966853056
0.01311038044445472, 0.012384718573866398
0.013108431938159727, 0.012276957577070625
0.013106214985080392, 0.012321520575005376
0.013104256710288665, 0.012246013320386582
0.013101874466604203, 0.01227479143477516
0.01310020875422666, 0.012221001428571845
0.013097914213644, 0.012379576025214167
0.013095405756820326, 0.012286823732210078
0.01309335365799421, 0.012435134439734345
0.0130910497129132, 0.012435454257273328
0.013089104593207068, 0.012299382260518566
0.013086809892985843, 0.012455111353652598
0.013084832472666138, 0.012623114847086926
0.013082801573655222, 0.012593215860444436
0.013080583054233725, 0.012568126762326133
0.01307840860848882, 0.012590411228405122
0.013075773747679442, 0.01262070382344003
0.013073582413082364, 0.01238159270794215
0.013071450418816187, 0.012247753157876047
0.01306942846301864, 0.012212002952355791
0.013067302064588759, 0.012287136611552393
0.013065218966841144, 0.01231262803070313
0.013063422969899312, 0.01227233960486158
0.013061061825351949, 0.01242646329415202
0.013059078695875, 0.012302397729372595
0.01305717948790339, 0.012429215827218258
0.013055233554337664, 0.012500231035394537
0.013053578478773309, 0.012298745324484054
0.013051422174510394, 0.01232967297378305
0.013049660292195732, 0.012432120565242543
0.013048106652296946, 0.01233751200525776
0.013046236506881066, 0.012408642325145323
0.01304433814362864, 0.012332163671999217
0.013042508918124796, 0.01247193734366326
0.013040983271308744, 0.012441817117063231
0.013038761539779429, 0.01276643274058069
0.013037254593087376, 0.01267174239451453
0.013035183105009606, 0.012617674005324193
0.01303350652359972, 0.012576043479431852
0.013032184325502462, 0.012276623555298578
0.013030451341522491, 0.012324654596273448
0.013028144025925625, 0.01232486739622818
0.01302639991938749, 0.012242184918441156
0.013024457746046056, 0.012335633291829908
0.013022624906278143, 0.01217701134737051
0.013020710327172062, 0.012418127291011705
0.013018880620332698, 0.012282243306164198
0.01301695573344723, 0.012322560678119111
0.013014895537325788, 0.01239068811647319
0.013013013086850524, 0.012300445634550688
0.013011037447752845, 0.012318903889499569
0.013009275337775046, 0.012356496008129983
0.013007475285448728, 0.01231245382357247
0.01300558641080072, 0.012442877312010098
0.013003472289250277, 0.012468530108043406
0.013001281100381519, 0.01242411400456825
0.012999343152827976, 0.01210617610056388
0.012997267701913954, 0.012057189128825115
0.012994983143829032, 0.012042091594172508
0.012992966672132015, 0.011986436206698413
0.012991229320560443, 0.012092679540617969
0.012989528722538146, 0.011975688833552487
0.012987939184789061, 0.01189178523738831
0.012986255031966466, 0.011775682030157306
0.01298455072055911, 0.011751955892182395
0.012983062947993873, 0.011863226066977588
0.012981400006423255, 0.011966261158496094
0.012979896107267217, 0.011977446210111485
0.012978433445059208, 0.011969904308605743
0.0129768253904582, 0.012041781557862558
0.012975313153352794, 0.01194791777715799
0.012973664015603516, 0.011982646460855204
0.01297217353017457, 0.012006673967943773
0.012970898886291033, 0.012103050483280916
0.012969314975268315, 0.012218731090073012
0.012967800553753262, 0.012265699674014249
0.012966235975627516, 0.012260045824483836
0.01296496869517604, 0.012324885503740102
0.01296339974189212, 0.012260554113162993
0.012962004953625463, 0.012285348752600941
0.012960496122232231, 0.012251344484155872
0.012959065893947372, 0.012328170516542438
0.012957612540610095, 0.012155395293197922
0.012956296741566623, 0.012281231734884109
0.01295497990882729, 0.012295616390879598
0.012953716003671865, 0.01225192681473048
0.012952422828384156, 0.012034860821071035
0.012950786907781911, 0.01193291736014187
0.012949448252620583, 0.011922265241224025
0.012947824529068695, 0.011954694300732963
0.012946603417135858, 0.011881433072391515
0.012945727340830868, 0.011768159840804515
0.012944291736669332, 0.011658227609543376
0.012942894384957545, 0.011684770528802776
0.012941929867453171, 0.011682752120404637
0.012940471468585107, 0.01154869089003638
0.012939148590470283, 0.011630545145541023
0.012937689221667228, 0.01164243890298517
0.012936395509010382, 0.011771195888446502
0.012934950504235395, 0.011609713664577082
0.012933770620713898, 0.011576806961353011
0.012932635634764593, 0.011679726841044208
0.012931524573776242, 0.011601069225433835
0.012930368134960285, 0.011662456950127601
0.01292886718819321, 0.011672595934088648
0.012927525724858085, 0.011645705612413551
0.012926550362386352, 0.011869749477592506
0.012925379377678948, 0.011980906458028665
0.012924098230860057, 0.011993100489029705
0.012922927612042787, 0.012019606293566944
0.012921787196935913, 0.011869617361727815
0.012920454484602413, 0.011833041871565206
0.01291909436348156, 0.011727942835584627
0.012917880030278939, 0.011929788717402752
0.012916370745991487, 0.011759827222390773
0.012914882198739206, 0.011611664855655334
0.012913315006395478, 0.011532700599801379
0.012911841781105047, 0.01157593236513208
0.012910397737344525, 0.011551667892663082
0.012909400996733995, 0.011536405731693414
0.012908128578272334, 0.011572782296875543
0.012906583789638354, 0.01152922508687339
0.01290477970672988, 0.011712389120975539
0.012903694223681417, 0.01180778036934939
0.012902019523246055, 0.011811716988182555
0.012900209659606237, 0.01199419131434144
0.012898795230944985, 0.012118487393926935
0.012897468462447877, 0.012211776714418861
0.0128955784982169, 0.012215730862316618
0.01289406879530104, 0.0123959525499071
0.012892585181672342, 0.012141728730445153
0.012891170839030434, 0.01208305891562233
0.012889863762525842, 0.012006912072608357
0.012887955737245584, 0.012063619939588243
0.012886125302849516, 0.011889146586639946
0.012884473163022053, 0.011874556404499513
0.012882795907317396, 0.012013275504145916
0.012880652720852695, 0.012169446582942955
0.012878776815085818, 0.01218806654882765
0.012876975024228802, 0.012045557269179925
0.012875790764786859, 0.011822818521907922
0.012873993125102682, 0.011863192925104264
0.012871935628605334, 0.011936819078443283
0.012870142501288205, 0.011743433193998155
0.012868492601285066, 0.01177571231108041
0.01286735508405426, 0.01180167611057263
0.012865504055034765, 0.011763930410550572
0.01286395150472064, 0.0116443746744236
0.012861970931642432, 0.011656981647353716
0.01286058140057833, 0.011680305078887225
0.01285913970209137, 0.011889015796335159
0.012857007504504156, 0.01181230751240418
0.012855305115367834, 0.012017784096986672
0.012853709003817784, 0.012060781005710211
0.012851909239899215, 0.012189501214718039
0.012850518625354902, 0.012036390038319765
0.012848954319691408, 0.01208026097383208
0.012847339977075739, 0.01207218457053029
0.012845617351873147, 0.012207084030796228
0.012844292386585526, 0.012041902239619701
0.012842175455392933, 0.011880610122896177
0.012840829924644132, 0.012048837090011973
0.012839304381159596, 0.011981164479551778
0.012837976969502566, 0.011995730167217642
0.012836158044051844, 0.011974069242334587
0.01283479095500229, 0.011879726010315648
0.012833778147993398, 0.011848292163584281
0.012832674898992931, 0.011615852116994988
0.012831273676662057, 0.011588940449534606
0.01283016482661206, 0.011462206005894931
0.012828487886828421, 0.011399247227332624
0.012827456475546957, 0.011483073339352634
0.012825950326357471, 0.011508912935735485
0.012824731986611807, 0.011666815769027413
0.012823094833398482, 0.011697209204604944
0.012822101806559714, 0.01195566722183364
0.012820959684351173, 0.011817933999187503
0.01281994718420144, 0.011667923265982075
0.012818576761809582, 0.011740596695057445
0.012817771526876898, 0.011929998314138069
0.01281695194428572, 0.012023602821921522
0.01281596135651968, 0.011904736725556383
0.01281476346257745, 0.012108041166831182
0.012813277972321267, 0.012207121040206645
0.012812321147749703, 0.012453666785828484
0.012811137736890923, 0.012469299350056733
0.012809736379129558, 0.012134343719863149
0.012808560887491709, 0.012234068471478496
0.012807422559327394, 0.012230628436637176
0.012806816947221564, 0.012345726983843246
0.01280567043507672, 0.012507441868284954
0.012804653444045057, 0.012428345978223553
0.01280326432811007, 0.012314323083481633
0.012802073006561328, 0.01223989707548937
0.012800948262565302, 0.012236606629121006
0.012799916868620783, 0.012398105175257086
0.012798850205222562, 0.012405168752367211
0.012798015001966033, 0.012323149872814165
0.012796884291956339, 0.012525224238480728
0.012795993751830112, 0.012579273203465042
0.012795008061901703, 0.012561243093701682
0.012794019029767007, 0.012523769171357987
0.012793229613276058, 0.012586976908544791
0.01279178510991491, 0.012557508385753282
0.012790806484368818, 0.012496647254312357
0.012789940229918922, 0.012378690174558695
0.012789110661152396, 0.012266918376298352
0.012787925487726545, 0.012228187194311834
0.012786722464853222, 0.012256053078894866
0.012785557079305976, 0.012192148114137333
0.012784270354636753, 0.012409209584927097
0.012783188982341437, 0.012286204080123153
0.012782230841003188, 0.012321107160764466
0.012780961011925928, 0.01259616187933201
0.012780250550150791, 0.012494333117400263
0.012779268999173386, 0.012618807120448175
0.012777869474192712, 0.012585709713624396
0.012776792578082044, 0.012494693628358838
0.012775992574559525, 0.012682802827717716
0.012774722483543562, 0.012542495533418494
0.012773569031797318, 0.012557036203028669
0.012773002106407314, 0.012485813223758972
0.012771966660032798, 0.012665999114120878
0.012770894959511093, 0.012628173822812462
0.012769562249632977, 0.012640623142262409
0.012768231746763616, 0.012633107903915414
0.012766799054803029, 0.012473869020764377
0.012765597852305079, 0.012415785389100998
0.012764520558799874, 0.012587828596804603
0.012763561695553606, 0.01230645187703124
0.012761979362326674, 0.012156104793589764
0.012760965930053358, 0.012342468233047712
0.012759986825226846, 0.012357563547568062
0.01275880590585839, 0.012168651563376175
0.012757658177129904, 0.012350031159359696
0.012756763567530636, 0.012368491001882994
0.01275589309026845, 0.012486176241855934
0.012754717571508449, 0.012508909011922479
0.012753787324854002, 0.012548544011054678
0.012752661378202803, 0.01238957655712486
0.012751649752529374, 0.012276995807610056
0.012750360672407458, 0.012251678668748671
0.012749239337801607, 0.012518344276201887
0.01274812509028378, 0.012513678954037235
0.012747168943051413, 0.012343483987082826
0.012746350756381154, 0.012403175590534938
0.012745101398593198, 0.012238946808495594
0.012744337668959117, 0.012108297861440286
0.012743311122954631, 0.012070286312037413
0.01274243391567719, 0.012027632094407381
0.012741834739677948, 0.01197459145824643
0.01274070698225519, 0.012172455529299681
0.012740115517213813, 0.012038670472173557
0.012739241132418665, 0.012161196693198867
0.012738050478225488, 0.01209344650676128
0.012736828138499849, 0.01204700847018336
0.012736138512755228, 0.011815312599201525
0.01273549058094684, 0.011775367006266075
0.012734894541758048, 0.011918366108144708
0.012734597305948586, 0.011855216314598356
0.012733935384479547, 0.011785586474522975
0.012733407999547433, 0.011765781791785761
0.012732821386027951, 0.011810479065693885
0.012732390717096406, 0.011767047650981086
0.012731724600031195, 0.01179159293665996
0.01273105254011415, 0.012024435424636807
0.012730235546111421, 0.012088502065994896
0.012729655946437563, 0.012126481563184492
0.012728642724539213, 0.012004142000148854
0.012727601522853252, 0.011789846482270787
0.012726609318513656, 0.011561241690270459
0.012725998017193728, 0.011516317804704837
0.012725347762019994, 0.011579667057443177
0.012724622042342051, 0.011500967186405303
0.012723925057426552, 0.011710012297115288
0.012723278648236311, 0.011623692801097249
0.012722638119108797, 0.011571929738531155
0.012722117041714012, 0.01142125955598375
0.012721502416529291, 0.011629380137493317
0.01272034459093291, 0.011568963523934285
0.012719713953101175, 0.011620826058243649
0.01271948765144955, 0.011688046134829856
0.012718365582818922, 0.011635448228667869
0.012717727476188228, 0.011558812832524093
0.012717119471477186, 0.011511240728276863
0.012716747905884637, 0.011515903858021486
0.012716017692711587, 0.011646191536279795
0.012715367742613502, 0.01168410322730273
0.01271471820274673, 0.011825339462236103
0.012714244075539952, 0.011830152294509256
0.012713675427461399, 0.011763055665537786
0.012712933052320638, 0.011742547675312293
0.012712351004525715, 0.011704770407842853
0.012711418151582325, 0.011675369030548334
0.012710661005114565, 0.011841450292713213
0.012710018267216398, 0.011935535341789408
0.012709549417269005, 0.01204726961996458
0.012708989484959148, 0.012070389428742157
0.012708714619300182, 0.011968765991189819
0.012708490465048504, 0.012004978422984258
0.01270764482731083, 0.011880257696072876
0.012707226638155565, 0.01191411823539889
0.012706513288223606, 0.012162412877293562
0.012705872833717389, 0.012091238269631377
0.012705123095550112, 0.012110214842692498
0.012704572058323552, 0.011986222767550767
0.012703997183964939, 0.011969214316955818
0.012703502715746313, 0.011983048900225021
0.012703122478946878, 0.012059329769876332
0.012702689688219282, 0.01201778199732535
0.012702143585881306, 0.01215397830551614
0.01270171200160313, 0.012220483531406664
0.012700393378354657, 0.01237054875756711
0.012699667243620882, 0.012433048502558611
0.012699202209020289, 0.012556572705904686
0.012698831558691266, 0.012518070868920978
0.012697740779932134, 0.012617775547933703
0.012696862616395105, 0.012482210031269075
0.012696510383875068, 0.012187495639810976
0.01269590948296104, 0.01209924989835933
0.012695310040041976, 0.01206374057250812
0.012694661189701155, 0.0119267544364364
0.012694024879893235, 0.0120285870125427
0.012693704102939149, 0.011986413364032597
0.012693083992669921, 0.011907354190328484
0.012692224885264006, 0.011884589327057857
0.012691418548527504, 0.011976150951216307
0.012690435389178578, 0.011977073763693866
0.0126892515569446, 0.01183437930142436
0.012688536465962238, 0.011910166179412894
0.012688108837685216, 0.01180421062872275
0.012687189247268497, 0.011951141207664755
0.012686335479624543, 0.011958934385666427
0.012685377339196382, 0.011860056178500012
0.012684477806088312, 0.01195767056674146
0.012683835507556399, 0.011802260046209894
0.012682970308762326, 0.011747527745373555
0.012682191292834995, 0.011944537934154932
0.012681818872067202, 0.01205421971289726
0.01268081524978072, 0.012093377080878235
0.01268036744595621, 0.012152450642900818
0.012679793268702305, 0.012195026287836868
0.012679351126011887, 0.012249496106799294
0.01267879819995569, 0.01221649504165856
0.012678544970948898, 0.012102732398642091
0.012677996068510061, 0.011950303927240153
0.012677632575637893, 0.01189426495361585
0.012676972513040648, 0.011919574662953665
0.012676513277222952, 0.01180186893310041
0.012676141677222905, 0.011959809935507782
0.01267578892962345, 0.012098752968399747
0.012675241411406581, 0.011890789937792811
0.012674969446138632, 0.011800910508115025
0.012674212729149972, 0.011573634106942721
0.012673838336250702, 0.011538944133108481
0.01267311342613598, 0.011555563712565541
0.012672238609947734, 0.011673376920926765
0.012671234933264337, 0.011730463489379553
0.01267070399521365, 0.011743504961767286
0.012670066642903403, 0.011740837601245105
0.012669659761291634, 0.011792078131941492
0.012669197958084327, 0.011804678985993102
0.012668746679068251, 0.011766732845940915
0.01266801101154101, 0.011853804423340648
0.012667166856457853, 0.011826676770579463
0.01266667283635361, 0.01176035755445881
0.012666004329201704, 0.011714481549194754
0.012665306243937802, 0.011524583126180992
0.012664673536745474, 0.011299161526135488
0.012664281874998344, 0.011527083967193158
0.012663666904579911, 0.01168944331348424
0.012663356231577329, 0.011769861720827888
0.012662810340575741, 0.011799548136511474
0.012662367155416219, 0.01203104057596575
0.012661661205202792, 0.011975192773065746
0.012661217674258679, 0.012103758272659028
0.012660715097179878, 0.012242807420800556
0.012660366464145558, 0.012169484112483262
0.012660198884055245, 0.01189709924067173
0.01265957809291808, 0.011854205708111793
0.012659422346143147, 0.011893228762362889
0.012659156380206192, 0.011739393683786875
0.012658890137539961, 0.011692628632499211
0.012658626306495014, 0.01167726342444465
0.012658339732140068, 0.01170096073106335
0.012658053201364709, 0.012024086923253168
0.01265759217951629, 0.0121783997144364
0.01265728675144583, 0.012120382920877278
0.012656797529411101, 0.01214204294581338
0.012656397541022494, 0.01219061787360349
0.01265638388047061, 0.011987192961472028
0.012655669556438858, 0.012057411252994225
0.012655286496226105, 0.01210889138251138
0.012655114002652264, 0.012199313523075897
0.01265473497739724, 0.012068611379015944
0.012654172221837632, 0.011873688317851832
0.012653556608083098, 0.011949449758863088
0.01265269332607492, 0.011959809117269668
0.01265253185686022, 0.011970610534420454
0.012652147337529463, 0.012069238392109908
0.012651660943067012, 0.011976039810374041
0.012651529255661466, 0.012048668665769648
0.012651275032920411, 0.012340638597969798
0.012650809581299903, 0.012509504113386033
0.012650274968267249, 0.012564757987455235
0.012649788363540991, 0.01267600182417974
0.012649178181122524, 0.01257860592917137
0.012648772035479029, 0.012645897599566974
0.012648290983832477, 0.012621737893328657
0.012647428361567067, 0.012603665498865576
0.01264672515738429, 0.012259478194172474
0.012646234581333137, 0.012226086625373762
0.012645845852830389, 0.012251024710717642
0.012645803321811474, 0.012451971212259763
0.012645079556915507, 0.012246729709961173
0.012644547680499007, 0.012159504516045132
0.012643761631970353, 0.012051709046035287
0.012643503117494563, 0.012075026870069063
0.012642905679438453, 0.011943880565097837
0.012642322732316, 0.01191719044322121
0.012641936992236579, 0.011736098933591071
0.012641628847621537, 0.011791327248439967
0.012641199719993048, 0.011813079065336803
0.012640854005007286, 0.011997006232625415
0.012640352867666823, 0.011919426213242212
0.012639870464428314, 0.01209827328312667
0.012639378330285804, 0.01226074579096572
0.012638804724431118, 0.01237543936708319
0.012638042569822136, 0.012294967492221243
0.012636936076551399, 0.01223681478509233
0.012636394993290175, 0.01222996037968506
0.012635622284145895, 0.012386814614760508
0.012635209060448264, 0.012428258513994707
0.0126348784423451, 0.012166688442837758
0.0126345709737048, 0.012244553320528418
0.01263415022086686, 0.012170087892917894
0.012633811702928422, 0.012063109749496682
0.012632954256241469, 0.011952973230102996
0.01263241503887547, 0.011992008058127786
0.012632233604227465, 0.011868555710310081
0.012631685770360824, 0.011920303666486198
0.012631437847855309, 0.011948478284403832
0.012630733473161489, 0.012152880311682698
0.012630277873551239, 0.01222149295131466
0.01263046989620339, 0.012046524063136282
0.012630467906169765, 0.012090472107551547
0.012630010553883695, 0.012111833367611761
0.012629884453310826, 0.01210489627788986
0.012629393889320557, 0.012016012396981017
0.012628852096588122, 0.012166022439591277
0.012627878166223969, 0.012152025475639134
0.01262743354326578, 0.012191835042068697
0.012626806574709838, 0.012203937933978145
0.012626108444959558, 0.012055971382781775
0.012625583115081452, 0.011931464553952033
0.01262499035592258, 0.011947370204455156
0.012623718196326305, 0.011872302236746067
0.012623549287987776, 0.011928528482592928
0.01262345124891235, 0.011962017488043097
0.012623322523034127, 0.011928351719413189
0.01262297625265797, 0.011967304390838446
0.012622213077544273, 0.012279216626775185
0.012621468821735319, 0.012160838714869181
0.012620914974442954, 0.012176425458631042
0.012620351784648364, 0.011790610534292917
0.0126196347689667, 0.01169418690794792
0.012619169683400584, 0.011690329938929671
0.012618375269488686, 0.01175185281793754
0.012618017638364834, 0.01179435043492694
0.012617531365285041, 0.011855473959279609
0.012617376890050866, 0.011739744332006564
0.012616988694044899, 0.011582832740043873
0.012616746419003939, 0.011551261306884705
0.012616276643866579, 0.01147146054715436
0.01261575857183131, 0.011661666054482288
0.01261513589002581, 0.011634227782550252
0.012614584239224848, 0.011968261617072878
0.012614254349853232, 0.011795154512355166
0.012613687849304979, 0.011770271588017267
0.01261317979788505, 0.011670642653374119
0.012612702403099195, 0.01161328469321496
0.012612114631144972, 0.011797952686658484
0.012611626408278735, 0.012011670108704027
0.012610804675744722, 0.012170054802438195
0.012609961722691703, 0.012215587673152777
0.01260914787390984, 0.012269200231722595
0.01260842557771615, 0.012307459147589638
0.01260757426375042, 0.01215159867860092
0.012607082226220069, 0.012024891014937086
0.012606390792585478, 0.01190685546163298
0.012605702621689913, 0.011924927020771392
0.012605283312726307, 0.012016673429430224
0.012604511221109133, 0.012167844633239543
0.012604067499316323, 0.012035260189303133
0.012603161789490261, 0.012099596807593567
0.012602339284337773, 0.012247961077131874
0.012602062031560437, 0.012346465745120794
0.012601104016752197, 0.012098640872608458
0.01260035254270795, 0.012245090680527815
0.012599922750599634, 0.012359352907249625
0.01259923705498575, 0.01235872666908876
0.012598499777143952, 0.012313612035692308
0.01259828420226917, 0.012366291763362031
0.012597863593249343, 0.012344156752864084
0.012597278672716218, 0.012376328426474969
0.012596606642658097, 0.012654292901509866
0.012595873494058971, 0.012471949465681515
0.012595471922453697, 0.012440904211518024
0.01259479172033224, 0.012475384920060189
0.012594317058376625, 0.012384088540507168
0.012593829773026942, 0.012210310139603005
0.012593155835672493, 0.012376085596027483
0.012592416511163392, 0.012386684952219564
0.01259162438841667, 0.012553646901616424
0.012591566814897932, 0.012806638161310486
0.012591401140696828, 0.01261762651794873
0.012590881644789413, 0.012609999655933426
0.012590666723039138, 0.012503848257742627
0.012590419460859812, 0.012402022051716005
0.01259003906530591, 0.012496933347646944
0.01258967094183098, 0.012447015755213816
0.012589312828291174, 0.012490153918357927
0.012589162025522412, 0.012538989985731322
0.012589042348514913, 0.012512867875033109
0.012588589384840195, 0.012722096074767885
0.012588415803229825, 0.012637756538997878
0.01258832733707003, 0.012461527868795915
0.012588064398703771, 0.012413302412964811
0.01258729004439933, 0.012484383911710655
0.012586885060221691, 0.012473009905699247
0.012586413806215856, 0.012269512756723897
0.012585919052111294, 0.0121094029269832
0.012585436360535301, 0.012110094233444656
0.01258523098687819, 0.012098261174046153
0.012584707535883897, 0.012122230876038574
0.0125844932620399, 0.01217252844852096
0.012583836805309537, 0.01218632558172785
0.012583404805220744, 0.012314164230762172
0.01258338024767405, 0.01204289114263947
0.012582757847777647, 0.012216506929173268
0.01258223701811923, 0.01225232207009703
0.012581826540092517, 0.012201270817355732
0.012580968245820471, 0.012129545340701497
0.012580723993733892, 0.01224269913233759
0.012580694702121427, 0.01243286365351106
0.012580517709437801, 0.01258561955078213
0.012579965944881267, 0.012557939187430185
0.012579648627350398, 0.012423592160428673
0.01257947124604854, 0.012222203640580145
0.012579119732579528, 0.012148344810395999
0.012579156326403015, 0.0121484177504725
0.01257886611753383, 0.011924277223204216
0.012578572430524125, 0.012006927256373525
0.012578375501521076, 0.011969172766180751
0.012578089163670252, 0.011963269225896791
0.012577693543386349, 0.012014814234868788
0.012577437077321058, 0.01191084790209752
0.012577468754635222, 0.012033307097020343
0.012576863843923846, 0.012088176597502543
0.012576403984079103, 0.012006779010989064
0.012576231908245536, 0.012126475863541904
0.012576210238249265, 0.011868788388748424
0.012575845500514965, 0.011836651739398726
0.012575299366962042, 0.011794865615961067
0.012575112693051903, 0.011723960351245441
0.012574450974278084, 0.01173982639263815
0.012574015597944336, 0.011623139835158953
0.012573678858536943, 0.011680477473460658
0.012573442481995914, 0.011757446626628905
0.012573258036429119, 0.011779243352723548
0.012572887749930999, 0.011652822522728564
0.012572226840695503, 0.011731110415320687
0.012571840922462994, 0.011546387021796034
0.012571549136172741, 0.011562743023897728
0.012571412050377597, 0.011600883924285318
0.012571081509337093, 0.011537483261000672
0.012570640375476833, 0.011490208239939683
0.012570062830386598, 0.011615877736494144
0.012569298121544678, 0.011629869175539728
0.012568740088659226, 0.01169503167542443
0.012567975402207335, 0.011638915783620458
0.012567139691346147, 0.011478548095474958
0.012566095227773234, 0.011295878821392104
0.012565026864914073, 0.01140754563309829
0.012564326072644343, 0.011713233181914475
0.01256325335850629, 0.011664581504568112
0.012562360451183552, 0.011395250585128624
0.012561759493185802, 0.011567140007864646
0.012561221757527604, 0.011630513120760808
0.012560851409466209, 0.011449761807997758
0.012560413531065883, 0.011304368541990316
0.012559819079865118, 0.011204670983223386
0.012559544821905935, 0.011488014680509626
0.012559167039785027, 0.011588588494603775
0.012558931464181383, 0.011653730973498025
0.012558295482462234, 0.01176842108701306
0.012557676636081167, 0.011789193785294713
0.012557205560993658, 0.011740238268810928
0.012556351965018078, 0.011832088751461009
0.012555787080775992, 0.01183213158703583
0.012555385980244325, 0.012003764867734792
0.0125547383843086, 0.012080327722519223
0.012554031744996079, 0.012076688045486547
0.012553212675870553, 0.012127472419850066
0.012552771891469777, 0.012006318613132427
0.01255191021669166, 0.012022592438608707
0.012551153620016171, 0.0118458359096547
0.012550477046426412, 0.012121023253129828
0.012549931066664076, 0.011917810742913952
0.01254915988759147, 0.012044000683001722
0.012548547718528976, 0.011899208069581297
0.012547663414758665, 0.011961487008684935
0.012547055147260686, 0.011907235124750339
0.01254602198663548, 0.011769180251736254
0.012545267162451421, 0.011901949597448263
0.01254461088267648, 0.012154913869814751
0.012543779632614228, 0.012085937142585858
0.012542947617780667, 0.011987916193633838
0.01254180984572358, 0.011930536288242045
0.012540960515490838, 0.011974276485261004
0.012540438778330667, 0.011922631002237817
0.012539987347415852, 0.011890717317812546
0.012539318949301699, 0.01188373367533753
0.012538711798008577, 0.01164545883184522
0.012537889455865849, 0.011830500217824298
0.012536982108408977, 0.011853643989947335
0.012536498144686591, 0.011608041587642967
0.012535725536377273, 0.01170232516103662
0.012534666213496587, 0.011927428855115725
0.01253423241051002, 0.012057534038982395
0.012533101273736517, 0.012010283570785207
0.01253257954268396, 0.012014828080768153
0.012531796872853848, 0.012006668239827068
0.01253089457144932, 0.011840090234383314
0.012530654628169859, 0.012030762605040003
0.012530129017727619, 0.012116731843016022
0.012529716641201932, 0.01206217678549815
0.012528906605673422, 0.011875111528064152
0.012528960584129695, 0.011704531445128107
0.012528407077239834, 0.011427236445192689
0.01252733541197663, 0.011684787526073543
0.012526985993778954, 0.011752444481008734
0.012526357164472068, 0.011539996329560442
0.012525711592093976, 0.011656846028603899
0.012524954445134144, 0.011548710837848208
0.01252481824103363, 0.01144953392953595
0.012524541816882987, 0.011533468477468958
0.012524227675758367, 0.011713481541394413
0.01252352853096631, 0.011661864904782647
0.012522832138555446, 0.011578880583779589
0.012522294686107455, 0.011470436865721715
0.012521798382846092, 0.011644298519512767
0.012520868971982579, 0.011748985327402655
0.012520378292612797, 0.011787669072145903
0.012520115574347958, 0.011842159989670932
0.012519528306191886, 0.011921324491657309
0.012519124136504774, 0.011726617155546761
0.01251831336179597, 0.01179663323445612
0.012517659946034846, 0.01194981989831059
0.012516759642701334, 0.011950286405326218
0.012516190542272194, 0.011897308517543496
0.01251525915800785, 0.011860019420391764
0.01251451845265753, 0.012012635040683088
0.012513678019368578, 0.0117761238794576
0.012512910178704588, 0.011922690923115596
0.012512292189505768, 0.011996635245159797
0.012511456767434438, 0.011842331073595582
0.012510780508544601, 0.011764108381853594
0.012510088169489814, 0.011672442824345826
0.012509301168732551, 0.011788001878591393
0.01250847001100187, 0.011787432280012652
0.012507719788518473, 0.011549811120345758
0.012506523541135867, 0.011721875157250854
0.012506090717461633, 0.01162072606943264
0.012505284692326583, 0.011736986013809533
0.012504627714055663, 0.011979606588932767
0.012504314950049365, 0.011911846136946352
0.01250300315928503, 0.012036709656554033
0.01250229610688569, 0.01226316999398743
0.01250121002389584, 0.012240684864614848
0.012500596274673623, 0.011953880874468322
0.012500295310811758, 0.011832025492405952
0.012499677087960558, 0.011948290706654196
0.01249898114639784, 0.011915368836039759
0.012498365736595438, 0.011953981559900871
0.012497755837048118, 0.011818102352392966
0.012496671376440158, 0.012035082375208162
0.012496026695184194, 0.011826394046394993
0.012495232672365996, 0.011575656825930154
0.012494588457955265, 0.011529822074339653
0.012494262213003385, 0.011537807352042932
0.012493699004647103, 0.011619963705851843
0.012492976764428128, 0.01161788002716705
0.012492794559293882, 0.011633826806387559
0.012491970872291326, 0.01192255627610955
0.012491388429297165, 0.011756215728899264
0.012490892050697065, 0.011682953863321762
0.012490117531247916, 0.01175269247998927
0.012489400397935757, 0.01206337714847067
0.012488815613406347, 0.012010522833257922
0.012487989865271847, 0.012135458369887053
0.012486970377331433, 0.012386855151573471
0.012486624733723344, 0.012301015722103922
0.012485908185434538, 0.012237449733431133
0.012485052977632988, 0.01219686514925134
0.01248440026037217, 0.012070007668550398
0.01248378997500973, 0.011958875952114204
0.012482639236769589, 0.011914365390512974
0.012482277652563226, 0.011870424196623538
0.012481448452329085, 0.01178703570126241
0.012480815036924109, 0.01178848177328008
0.012480180793990889, 0.011977497414194512
0.01247941828388923, 0.01209038507250501
0.012478370232716267, 0.012035991055022085
0.01247739561672672, 0.011940847326247398
0.012476750062891536, 0.01210846519656686
0.012475905426659464, 0.011897308278326848
0.012475056997972961, 0.011838946396476514
0.012474019537263596, 0.011842804582504097
0.01247387303650456, 0.011959369595564501
0.012473564634363722, 0.011740098952199131
0.012473337015002788, 0.011611526414285984
0.012472906325022284, 0.011544361433696198
0.01247226711383954, 0.01159277557224524
0.012471542809675154, 0.011523103422214352
0.012471054819452753, 0.011477402424951554
0.012470641593680883, 0.011391702298070057
0.012470217444772218, 0.011435914039558862
0.012469512094136903, 0.011212303617110456
0.012468560531157491, 0.011253835855778705
0.012467693559737496, 0.01133869366633902
0.012466730388604588, 0.011542440383289344
0.01246596937715395, 0.011488749558197382
0.012465342477304757, 0.011290068280129207
0.012464419931210216, 0.011421414232088404
0.012463810634027118, 0.011344697228498764
0.012463072332139748, 0.011272608732068864
0.012462207448749275, 0.011155906219762486
0.012461474294678348, 0.011204692253624552
0.012461057033577638, 0.011158417694727083
0.012460333434785777, 0.011170582953127915
0.01245979694691596, 0.011212396266763739
0.012459066981763805, 0.010979274746687346
0.012458587986385907, 0.011171549806693657
0.012458262470147337, 0.01130523104332853
0.012457804681735829, 0.011520700148773684
0.012457313073106378, 0.011653695470792801
0.01245656922056522, 0.011700807519340705
0.012456234290067538, 0.011459333944586833
0.012455594865048821, 0.011512622289049469
0.012454891158454509, 0.011674749154195503
0.012454375586999527, 0.01195956534070828
0.01245389578010957, 0.011660672673149011
0.012453849829533493, 0.01150153597234658
0.012453314129976004, 0.011470740055274624
0.012453091601457189, 0.011482970395658442
0.012453016002423593, 0.011389038267064753
0.012452837682073269, 0.011376028073724754
0.01245263377928121, 0.01123018464066137
0.012452662137316163, 0.011399783811602712
0.012452492481718676, 0.01142705210981036
0.012452524425311334, 0.011427927687065034
0.012451868879340834, 0.011527817602598092
0.012451548177859461, 0.011681977491479431
0.012451171282176156, 0.011651703562544474
0.012451215314213015, 0.011851271801888772
0.012450229141962418, 0.01186499928854581
0.012449619703927857, 0.011824754097877905
0.012449067561239665, 0.011914384777113722
0.012449109154260514, 0.011991871861223764
0.012449058700853577, 0.012219080952781274
0.012449045400439169, 0.012363284408466534
0.012448663546667304, 0.012435638870391683
0.012448552858717276, 0.0123684480193293
0.012448359348931555, 0.012253942508608544
0.012448055645045506, 0.012340107309688072
0.012447821948272816, 0.012336543318000484
0.01244749334017982, 0.01242346009358513
0.012447126264708256, 0.012407537186695117
0.012447019450800196, 0.01211545448417437
0.01244676022984518, 0.0121094633729568
0.012446561188926722, 0.012033789887548819
0.012446428089254113, 0.01225441245882013
0.01244602190815488, 0.012073508851475557
0.012445952355236099, 0.011998123693277223
0.012445794808663976, 0.012121720165095004
0.012445705495484675, 0.012249102320296032
0.012445470638206614, 0.012261717574718788
0.012445211044678635, 0.012206239595758065
0.012445582481139928, 0.011962209714938804
0.012445431449271085, 0.011783793810993284
0.012445398114465513, 0.01182357282066353
0.012445558270564828, 0.011900367436154174
0.012446095580359648, 0.011770593423807409
0.012446063668333259, 0.011767317373039314
0.012446366567661779, 0.011830928662942955
0.01244671820416852, 0.01183412276563406
0.01244680193949472, 0.01160771291388958
0.012446926255624841, 0.0116763868732674
0.012447339005366355, 0.011773347426136766
0.012447476970465611, 0.01184267918102445
0.012447620290415464, 0.011900963425172627
0.012447783678651233, 0.011864515964585858
0.012447565817404175, 0.011904888636782594
0.012447509480047648, 0.012001791153542541
0.012447712692373122, 0.011721666793558573
0.012447840641453716, 0.011758380892038558
0.01244765139008007, 0.01196089825767272
0.012447754937399233, 0.012212000293825954
0.012447886073243392, 0.012468098467915393
0.01244800239513627, 0.012453965115975263
0.01244821578184059, 0.012475645044762115
0.012448156915022957, 0.012401621689629192
0.012448214392835959, 0.012263300051976797
0.012448105082451, 0.012366879136595843
0.01244831492662617, 0.012398219285049873
0.012448566851827254, 0.012453515973063455
0.012448608325713782, 0.012440231480766263
0.012448782371391404, 0.012653495176824315
0.012448597173457926, 0.012644882176994329
0.012448943159726214, 0.01274034927677995
0.012449045460957948, 0.012619688626999496
0.012449354268513256, 0.012474557132086372
0.012449305711634438, 0.012543925190070748
0.012449396460849952, 0.012549288988540554
0.01244950825524402, 0.012492456702219159
0.01244980124963857, 0.012382258916697439
0.012450029700199077, 0.012346943887543343
0.012450196483879605, 0.012257647088963777
0.012450217121912757, 0.012209894055425686
0.01245015119766803, 0.012242809715894068
0.012450090325194303, 0.01220377528275571
0.01245006265582413, 0.01214971362409572
0.012450250754603613, 0.012154647539546674
0.012450394045825226, 0.012074419455441956
0.012450227621823273, 0.012025315885539036
0.012450466860395616, 0.01204655245993728
0.012450382360330957, 0.012134376867425663
0.012450340668660917, 0.012146751702334356
0.012450172333339359, 0.012167146430339556
0.012450027447883824, 0.012041191738198733
0.01244996792296807, 0.011902867421849418
0.012450001767144952, 0.011756741197066009
0.012450010389643567, 0.01181277811799192
0.012450185988124257, 0.011936559423140841
0.012450278788555829, 0.011912630515912502
0.012450672773702919, 0.011696861344154773
0.012450668714092823, 0.011722891912075427
0.012450982869697497, 0.011842326251911131
0.012451181419851786, 0.011794632717882968
0.012451318411067802, 0.011755877938205471
0.012451503237014399, 0.01178052498586448
0.012451539306836247, 0.01189494658603008
0.012451636199075836, 0.011922082658259153
0.01245180797152563, 0.011797378910798136
0.012452070577805353, 0.011900591622879417
0.01245201387758576, 0.011971498444914012
0.012452064699549917, 0.01192986658682459
0.012452009459907643, 0.011979622283076117
0.012451862730260199, 0.011862664680427218
0.01245147371679585, 0.011905729247316029
0.012451400486187376, 0.0120716944043192
0.012450943755538962, 0.011941766307961947
0.012451215316838888, 0.01193263067601039
0.0124509690282385, 0.01179677093460821
0.012450654843319791, 0.011981227552297994
0.012450575359506362, 0.01200014883882859
0.012450594911270358, 0.011745107020270294
0.012450639178751721, 0.011878029600667032
0.0124504280136433, 0.011726928707883298
0.012450476240635767, 0.01161137323057249
0.01245037304845497, 0.01139487851715293
0.012450234594856993, 0.011337792371607392
0.012450058816698643, 0.011449445891419607
0.012450254661922462, 0.011472211728108342
0.012450248127794725, 0.011762871288143845
0.012450237660694728, 0.011857412729601184
0.012450304249275462, 0.011751630471552636
0.01245054889602892, 0.011624434086939773
0.012450500265588397, 0.011780646817307226
0.01245074602048796, 0.011640574433136147
0.01245114820060338, 0.01164882403493865
0.012451259117860904, 0.011921223861873068
0.012451004526030596, 0.01183662120066633
0.012451108163579288, 0.011928770665838959
0.012451724939027332, 0.011964818764317275
0.012451712115299584, 0.011947862482547268
0.012452013731458388, 0.011849118700909772
0.012452450201814262, 0.011775280189815484
0.012453018200300701, 0.011666571801253071
0.0124534208195665, 0.011541565442919642
0.012453831059338843, 0.011803201734921652
0.012453943230876266, 0.011889469989109116
0.012454505365726353, 0.01199588402062477
0.012454900569338647, 0.012060053788367895
0.012455166564975284, 0.012126086237951004
0.012455065136957813, 0.012262559277827696
0.012455214262290758, 0.01233464333483956
0.012455498791090114, 0.012377152996600346
0.01245528808937118, 0.01229289630006931
0.012455572407954515, 0.012184115043214755
0.012455894281777255, 0.012083150374251075
0.012456049884585211, 0.011847401965266865
0.012456310716142796, 0.011783237940262616
0.012456353326885473, 0.011889968057422406
0.01245630401750167, 0.011965719565293192
0.012456172528922088, 0.011651381684840523
0.01245598901877203, 0.011893543326157937
0.01245565914802076, 0.011906107448178414
0.012455368676534377, 0.012063547016880744
0.012455233242450809, 0.011878246775468242
0.012454916474990212, 0.011905840727517063
0.012454393836853329, 0.012046256089275786
0.01245416969348778, 0.01215356554087247
0.012453867016669111, 0.012050585548906114
0.01245345896649167, 0.011955488339125043
0.012453282465617901, 0.011913588831597884
0.012452880078479637, 0.011944717221143049
0.012452624067094867, 0.011796596486097308
0.012452497556499471, 0.011745912420930074
0.012452191923710084, 0.011909177595495845
0.012451747096939561, 0.011846286841481765
0.012451441244130801, 0.01185205582319106
0.012451182475078346, 0.01209373911296579
0.012450997144358445, 0.011984736756229086
0.01245085604071438, 0.012079282426136628
0.012450197035993137, 0.012028263759391615
0.012450014676500892, 0.012001432434464096
0.0124499143560334, 0.011910633955952201
0.01244966016314849, 0.011632668092297958
0.012449390419964118, 0.011688114906816996
0.012449289598638967, 0.011733635890062046
0.012448820619619903, 0.011683914077725054
0.012448717094394143, 0.011750728863506343
0.01244833206241292, 0.011754185948078654
0.012447593563380226, 0.011612079162246089
0.012447021853173422, 0.011541435949815207
0.012446564780915768, 0.011446664869447521
0.012446393502013204, 0.011344641441993415
0.012446025611064308, 0.011259685768914156
0.012445289944875971, 0.011498812445394087
0.012445276160150814, 0.011650280688452226
0.012444894551738805, 0.011639872127015954
0.0124444278418658, 0.01161374560147505
0.012444013525927899, 0.01148317336755065
0.01244345483542775, 0.011504353273542605
0.01244290031702898, 0.011602122225999123
0.012442362186549923, 0.011608081358154313
0.01244210795386755, 0.011618773029617948
0.012442078289443808, 0.011525781680764447
0.012441842560049201, 0.01152287904173545
0.012441401054956508, 0.011353911700137158
0.01244066097843076, 0.011380579289824453
0.012440057778285102, 0.011465561117394734
0.012439447262003437, 0.0116206370648355
0.012439094778468439, 0.011837066540570507
0.012438348840224413, 0.01183080376479722
0.012437942972226565, 0.011642760645613655
0.01243727366975294, 0.01163317792375619
0.01243670757070766, 0.011572830978729428
0.012436083332889114, 0.0115379337553377
0.012435823655292446, 0.011351437374073988
0.012435567658410007, 0.011596026379326836
0.012434789326698736, 0.011415827132855928
0.012434128963875574, 0.011490929171033944
0.01243357835131657, 0.01186210147330175
0.012432819376130127, 0.011756524249421405
0.012432007671564795, 0.011764702089297852
0.012431537150162595, 0.011854374516436512
0.012430967202765516, 0.01191622231662567
0.012430691197344168, 0.011919777460082449
0.012430371007257574, 0.011802077881346159
0.012430248437145554, 0.011554743066684851
0.012430468638089677, 0.011689628509928622
0.01243051737602363, 0.011678920376431048
0.012430355613566396, 0.011741656041478558
0.012429913460378788, 0.011406090489964247
0.012429713579171667, 0.011548015415805841
0.012429236375087336, 0.011411525678889842
0.012429274652633587, 0.011700401202868362
0.012429100046056817, 0.01159471146537293
0.012428929204392807, 0.011516172906828957
0.012428490522204922, 0.011635722683474434
0.012428202991740411, 0.011716009833810435
0.012427921200452014, 0.011496329772003957
0.01242769938703142, 0.011581073916542232
0.012427504294798853, 0.011417811899118627
0.012427218818417476, 0.01134437318775496
0.0124271745286546, 0.011303690579038125
0.012426974768071218, 0.01143478208908661
0.012426567307758294, 0.011516306734876776
0.012426088832086577, 0.011346402519007695
0.012425888678250318, 0.011501882796728759
0.012425315207254694, 0.011511060423170075
0.012425237563812006, 0.01161415429888038
0.012424987558258957, 0.011671287829581553
0.01242476351337237, 0.011909394918812
0.012424452376893857, 0.011912189060662187
0.012424043229649339, 0.011960168913110577
0.012423666984809296, 0.011849221155396704
0.012423556752431017, 0.011785796085605316
0.012423459971197285, 0.011738241643479436
0.012423112821741958, 0.011845100081369509
0.012423090780508508, 0.011774581854229284
0.012422836480786131, 0.011825237642630586
0.012422852128054827, 0.011979068135636232
0.01242261268423192, 0.012052973561519223
0.012422488624271297, 0.012141331953482519
0.01242212609652589, 0.012283046830167633
0.0124219818213567, 0.012260524165307143
0.01242216570898713, 0.012383745266532872
0.012421972087100774, 0.01227288383483247
0.012421371747678977, 0.012349814695236301
0.01242133601172804, 0.012284982184851748
0.012421271652129052, 0.012316369577430588
0.012420955009790069, 0.01211763017388022
0.012420716663577913, 0.012257918789819392
0.01242078904862983, 0.012147635575953478
0.012421014619577968, 0.012221465537065311
0.012420804836654352, 0.012377599696992403
0.0124205422803296, 0.012325300473624902
0.012420521112939224, 0.012319671863963934
0.012420307887484711, 0.01216957281153807
0.012419983909663323, 0.012065294093973005
0.012419921423137031, 0.012376452911972665
0.012419503834947259, 0.012341865331150495
0.01241980683262264, 0.012320504500858304
0.012419886069579828, 0.012367601074324861
0.012419950751210355, 0.012357257240914462
0.012420048569222446, 0.012280405993818315
0.012420559590381434, 0.012161514437338433
0.012420439964586947, 0.011988584258710144
0.01242034018936309, 0.01192232782871528
0.012420783647466545, 0.011928222920496475
0.012420845209520772, 0.011941014681058524
0.012420283866897554, 0.011936260300227217
0.012420453950573694, 0.011885525655387495
0.012420810691329982, 0.01172752913822115
0.01242072176064876, 0.011641452417940257
0.012420764793248577, 0.011719386222437676
0.012420826220336939, 0.011735568610415562
0.012420852028857525, 0.011685774891021463
0.01242095544652698, 0.011531602928549451
0.01242107645878248, 0.01154399963943239
0.012420941321942812, 0.011415338772931957
0.012421323009463373, 0.011535104609749033
0.012421346321717926, 0.011538362685834372
0.012421248803673665, 0.011477058237745068
0.012421306246340965, 0.011436858561250823
0.012421808306200176, 0.011539226757321037
0.012422046474942553, 0.011899718716873172
0.012422551065194267, 0.011922825207146198
0.01242363880513869, 0.01181463516309335
0.012424465644256323, 0.011774983959585284
0.012424533644438747, 0.01179702110027221
0.012424696531027473, 0.011905125978251203
0.012425017074225655, 0.01177417077841639
0.01242521489671674, 0.011927778826874307
0.01242508308262305, 0.011870537272327652
0.01242506999845985, 0.011787173802630118
0.0124249749540727, 0.011727450829625403
0.012425333273638779, 0.01181855247993993
0.012425715971408912, 0.011854560242414013
0.01242579869939414, 0.011877178868269622
0.012425766958126526, 0.011840835807289353
0.012425963315857862, 0.011820984282018361
0.012426132653408516, 0.01182494901295338
0.012426479973240468, 0.011823415155078343
0.012426773237894186, 0.011874680075216743
0.01242692343793183, 0.01165348703311111
0.012427213388110578, 0.011704793105928995
0.012427583932392853, 0.011582645458560296
0.012427879205261665, 0.011665576591280044
0.012428208011809359, 0.011838677322541345
0.012428681720415476, 0.011755136748900712
0.012428966585932207, 0.0117456581257175
0.012429022594000827, 0.011525875953057915
0.01242918759945671, 0.011575353204470687
0.012429393369163303, 0.011761953113672891
0.012429497470078514, 0.0117664711573735
0.012429792552931463, 0.01171082335601543
0.012429863198533913, 0.011984796323744744
0.012429789465457685, 0.012027647831821066
0.01242985550843234, 0.012295936647643335
0.012430041514724674, 0.01227495973928783
0.012430250241223224, 0.012191182351089833
0.012430767596941634, 0.01214956481934885
0.012430966780668722, 0.011964365282244765
0.012430594331092415, 0.011949740578602933
0.012430569736631349, 0.011901692781222127
0.012430629046791845, 0.01191522867012781
0.01243055674417065, 0.012074384150914119
0.012430674930346573, 0.011950275623940562
0.012430717023894845, 0.012103847267791961
0.012430467170792298, 0.012214082123005758
0.012430680611547918, 0.01215824650050023
0.01243055544051136, 0.012200098127505
0.012430662205641487, 0.012060431267778813
0.01243083752001576, 0.012042135014226305
0.012430794499135827, 0.011963210745556492
0.012430794465706501, 0.011853683560017859
0.012430758658897988, 0.011843029578389785
0.012430893898564437, 0.011644401746433964
0.01243062553545254, 0.011599774071508131
0.01243040884954988, 0.01171967973951841
0.012430714982540255, 0.011821389842254034
0.01243097134560635, 0.011745347767661372
0.01243140400817633, 0.011984488229503357
0.012431455640135038, 0.012052757149819255
0.012431733263223345, 0.012159101446208081
0.01243173986262453, 0.012067746787369644
0.012431725664556081, 0.012020251570373919
0.012431729244555228, 0.012033524354727612
0.012431812949941586, 0.012006878475359757
0.012432058733454373, 0.011898641551000457
0.012432152896766942, 0.011806920258710446
0.012432534258629417, 0.011904279594386257
0.012432758303948169, 0.011948291568137663
0.012433197408771428, 0.011860262951338406
0.012433175737621495, 0.01200324254925956
0.012433416910202201, 0.011992596497546812
0.012433528986583394, 0.01192824499206035
0.012433772794285404, 0.01211215485560387
0.01243421696952222, 0.012264220745997574
0.012434578348625894, 0.012202844842919584
0.012434773778200682, 0.012066875970356128
0.012435048176240023, 0.012222735584286394
0.012435313783548604, 0.012003955152503847
0.01243566422070953, 0.011858585506004904
0.012435406169784545, 0.01179452418065391
0.012435450882006812, 0.011969585268871421
0.012435601216914014, 0.01206268493404429
0.012435745468385304, 0.012176676465431507
0.012436127056786147, 0.012316580871044498
0.012436407558997758, 0.012195619889590462
0.012436345359884223, 0.012336581068451261
0.01243679200558592, 0.012481862829838505
0.012436792604731272, 0.012306939407505655
0.012437136211301852, 0.01248136339802462
0.012437189473932953, 0.012538748116803056
0.01243715668157046, 0.012399785178622943
0.012437216470418327, 0.012260949595153139
0.012437493241443042, 0.01206782476566341
0.012437573208355705, 0.012306589865977385
0.012437443146024926, 0.012257514024618405
0.012437487526937949, 0.012230554406425254
0.012437433608575788, 0.012140958493315132
0.012437313247029668, 0.012138642303049016
0.012437252577857662, 0.012090895823630134
0.012437200843958414, 0.012263379728765431
0.01243711375180662, 0.012298494792960218
0.012437030734972307, 0.012384262281875376
0.012437045401162285, 0.01246111994931598
0.012436855105190959, 0.012381817247814985
0.012436775939167179, 0.012305185103509064
0.01243659699669046, 0.012422317726356316
0.012436764230785288, 0.012406193605335344
0.012437012537905698, 0.012649544088671985
0.012437166409230298, 0.012841143404884013
0.012437433789278963, 0.01272810890589043
0.012437293416061689, 0.01283527079858545
0.01243736482767504, 0.012652041259880162
0.012437410863263299, 0.01280740801081143
0.012437755776332814, 0.013116064048290658
0.012437580508424839, 0.012841534914980978
0.012437882210311193, 0.012783536149861508
0.012437824799760525, 0.012936037858761096
0.012437850804960356, 0.01280949992569152
0.012438372143039717, 0.012724146200876538
0.01243852780452763, 0.012496108288941281
0.012438702316254071, 0.012476907615710848
0.012439256795176257, 0.012472260138507123
0.012439724943469867, 0.012113432507813299
0.012439753212828867, 0.012322552627333597
0.01243991657202242, 0.012435457525169351
0.012440397992913303, 0.012617311106520871
0.01244083202857149, 0.012693165703591618
0.012441054374690726, 0.012466947284727881
0.012441239949025545, 0.012123063860361263
0.012441269079692634, 0.012163112497515215
0.01244117225678216, 0.012216423414315
0.012441318254312042, 0.012172342832571223
0.012441508962291707, 0.012299707636409817
0.01244159708131025, 0.012188263019210709
0.012441889283537172, 0.012263087426031147
0.012441981408461039, 0.012230466747004093
0.012441679546037416, 0.012147124463645768
0.01244185802360652, 0.012390489468244777
0.012441353481005533, 0.012369745731630648
0.01244167637997717, 0.012480386010202781
0.012441941267054097, 0.012301019517980395
0.012442429931253354, 0.012354295573654965
0.012442620368928042, 0.012259734366356483
0.012442933421686682, 0.012284158538498033
0.012443386492006239, 0.012262901995593413
0.012443377912416462, 0.012372039766355673
0.012443428694930501, 0.012299846587935866
0.012443801394706423, 0.01232167632857182
0.012444401689752258, 0.012356451431979543
0.012444798035498951, 0.012050901546344573
0.01244549212405706, 0.012124885530366732
0.012446168331795763, 0.0121569462572282
0.01244672619505317, 0.012246532847841477
0.012446919221219476, 0.012143563109735597
0.012447303000242717, 0.012174075881325915
0.01244760818990993, 0.011986733878927701
0.012447753684874148, 0.011954836986829526
0.012448049887079937, 0.01198085401038715
0.012448679634436676, 0.012231430330758773
0.012448932361080918, 0.012286618053931185
0.012449400163365532, 0.01218843253890275
0.012449762768814343, 0.012052004152921736
0.012450423084331983, 0.012074115815304874
0.012450570578567122, 0.012037415725427054
0.01245085031217565, 0.012105547741532443
0.012451043390760063, 0.011957277318358776
0.012451522137436248, 0.012055213772547747
0.01245129183276532, 0.012191859691060177
0.012451455866000952, 0.012002185220465379
0.012451473797234954, 0.011838647514823124
0.012451574592403394, 0.012063380969150852
0.012451975580942925, 0.011999129212438646
0.01245243417615232, 0.012082731017130645
0.012452583455086957, 0.012213663706799495
0.012452652516383613, 0.012101309119965013
0.01245225518870745, 0.012289961628903398
0.012452181928387273, 0.012127640715105699
0.012451896143671991, 0.012119398887610775
0.012451922047387662, 0.012071336593902339
0.012451817632688853, 0.011835375137735934
0.012451709591750083, 0.0117551807025901
0.012451776019317547, 0.011838558719755287
0.012451778156020686, 0.011793503492517664
0.012452143850826599, 0.011953232800249913
0.012452160880287668, 0.011737907161608526
0.012452296560706472, 0.011711660954949495
0.012452646164266593, 0.011692339942026543
0.01245267505286781, 0.011516908764810586
0.012453331992299218, 0.011584671362784488
0.012453611081883309, 0.011538645840720467
0.012453688924093183, 0.011380385853010643
0.012453708754910519, 0.011242664667852143
0.01245388478480787, 0.011345764324215227
0.01245378652316863, 0.011330811805497748
0.012453829621183233, 0.011450153171170936
0.012453866029681505, 0.011557892004311177
0.012453745734469673, 0.011430807809454734
0.012453766308422114, 0.011601856371525093
0.012453518480536122, 0.0116230955425403
0.012453230827509536, 0.01146584542184029
0.012453164122659054, 0.011231321827941312
0.012452958774637951, 0.011380736185911875
0.012452626215522015, 0.011495979964718638
0.012452391442901594, 0.011317341785464483
0.012451688646525733, 0.011414676087799695
0.01245149698974178, 0.011656619190998124
0.012451407966511013, 0.011650891750322597
0.012451187193934874, 0.011612949273360264
0.01245100803029391, 0.01150747034533634
0.01245058657833411, 0.011419918651165402
0.012450444466184119, 0.011137703085733672
0.012450468755578353, 0.011326069933611054
0.012450538862768595, 0.011198284362983348
0.012450384563603306, 0.011271042656294611
0.012450249965955298, 0.011382608321924781
0.012450166140853676, 0.011336602474044893
0.0124499398368879, 0.011441511598519477
0.01244972308782828, 0.011593154317898799
0.012449824556075248, 0.011476837653030873
0.012449733912092843, 0.011218469055945313
0.012449451501659698, 0.011304773945093627
0.01244893852015757, 0.011275962691460549
0.012448689545455596, 0.011385482302491194
0.012448377715298737, 0.011604455928711226
0.012448324884492214, 0.011737393639154969
0.012448342851641047, 0.011724430211835812
0.012448246411547334, 0.011716144865233551
0.012448064781712447, 0.011824393869277661
0.012447556323544788, 0.011673624765188155
0.012447660747026173, 0.011845067071902648
0.012447480234505986, 0.011743023500717839
0.012447129755009908, 0.011860559765116995
0.01244653159665426, 0.012032119789294948
0.012446152640099762, 0.011860382009748725
0.012445599072792886, 0.011943182565838675
0.012445103293072734, 0.01186896046927038
0.012444521324305378, 0.011932213133071749
0.012443971811852625, 0.011900903613550277
0.012443832910205154, 0.011882079424420693
0.012443542413526599, 0.011726437177583957
0.012443697008535586, 0.011638516563220385
0.012443349171672337, 0.011697146829257094
0.012442994024997784, 0.011631161075462281
0.01244278557820925, 0.011536835372620529
0.012442432717944754, 0.011517493158582384
0.012442142153934443, 0.011692283375569741
0.012441987416736563, 0.011517730254279449
0.012442021151162311, 0.011497471171926196
0.012441919539493963, 0.011543299112515903
0.012442041526258394, 0.011652010023521855
0.012442237346949053, 0.01179874453469784
0.012442304248007085, 0.011858581100731652
0.012442616851144632, 0.01179929871734091
0.012443169634364771, 0.011867148554397286
0.012443156983327047, 0.011619255568972245
0.01244336142117419, 0.01181530446243479
0.012443247357916859, 0.011772120359560871
0.012443084446469908, 0.011735172877511224
0.012443053932436894, 0.011806480950626346
0.012443221436168451, 0.011865141792634298
0.012443382497505089, 0.01194558821263487
0.012443648798486393, 0.011740510391626364
0.012444107746438284, 0.011814597221335477
0.012444560545850933, 0.01170946312824629
0.01244454230841128, 0.011514493933686903
0.012444612611243256, 0.011542298228488644
0.012444854763972684, 0.011619389035972101
0.012445458354782666, 0.011670668509559945
0.012445483700302908, 0.011696136508078209
0.01244509577903142, 0.011589472250182885
0.01244537883349238, 0.011638084250738154
0.012445635719970129, 0.011642695367768447
0.012445985827773216, 0.01170398929965342
