0.10248595747725678, 0.05527449821232751
0.08855299567763245, 0.0558011929255603
0.08250199696061561, 0.051590878886199266
0.07895865572974986, 0.04915259201643368
0.0765960553700878, 0.044325433287336784
0.07489998791353084, 0.04188361584835317
0.07362056724873471, 0.039872986259193915
0.07262163065953078, 0.03863562862118527
0.07182170400845805, 0.03787417379840297
0.07116839952994287, 0.037127659877488325
0.07062704254653936, 0.03616179574587349
0.07017308888725919, 0.035175687670764004
0.06978895816769465, 0.03424755749139019
0.06946200188442897, 0.03346577245566044
0.06918241812029008, 0.03213506892537429
0.0689424901361366, 0.031127603354252804
0.06873693391629408, 0.03229109351733796
0.06856077111926631, 0.03207789264056854
0.0684105276033606, 0.031983968951254736
0.0682830213510715, 0.030719740114294382
0.06817590775883706, 0.03087157269494272
0.0680868209210294, 0.030339130648480674
0.06801418884219888, 0.028693302189460205
0.06795643552501111, 0.028498835886999602
0.06791217202671303, 0.02787680901707936
0.06787992127888433, 0.027300400909625936
0.06785862435416591, 0.027795720694705553
0.06784713802411932, 0.02704044415043657
0.06784439725849625, 0.027090333056636415
0.06784936500878293, 0.027411732783359757
0.06786100101305305, 0.027317437354342382
0.0678781799935107, 0.02694461249225167
0.067900157417922, 0.02676136167615012
0.06792583856997082, 0.026207134473454154
0.06795447199503064, 0.026256360616243497
0.06798515858986277, 0.02597225455657429
0.06801716966886728, 0.025929774154664804
0.06804970159706641, 0.02571036199260484
0.06808225441220682, 0.02644562993013484
0.06811440474050849, 0.025839258450842017
0.06814548189126036, 0.026326285790860247
0.06817525707077997, 0.026203994055249136
0.0682032727277819, 0.026414362352414806
0.06822953245815844, 0.02564030747921043
0.06825377989229015, 0.02466206253088873
0.06827598339750715, 0.02519185087212381
0.0682959897037488, 0.02544011165224532
0.0683138699711916, 0.025030581014138353
0.06832955342859479, 0.0250482420766035
0.06834320273456082, 0.0258232187973141
0.06835487502782553, 0.026518791940594772
0.06836475589186415, 0.025752271269067373
0.06837276564633425, 0.026142286855369463
0.06837943031361382, 0.026066205407337565
0.06838451939559309, 0.026133109084810875
0.06838845654245379, 0.02658208533323875
0.06839126991951784, 0.02644853106216624
0.0683930799818367, 0.025996549965859417
0.06839411433358923, 0.026643422367604544
0.06839448634572477, 0.02632227950293354
0.06839435860524408, 0.026176633354188353
0.06839375456500082, 0.0266576085558527
0.06839285841242065, 0.026778829078003986
0.06839187515801169, 0.02668999255589003
0.06839060792347981, 0.02701001781837902
0.06838924544622053, 0.02591222268824053
0.06838787743804307, 0.026563410556628808
0.06838653844244927, 0.02724457725414012
0.06838525207755222, 0.027596536836695842
0.06838412663089438, 0.026622748558778296
0.06838297863420417, 0.026319380930888106
0.06838198176971536, 0.026565513174815588
0.06838118152668415, 0.025899331897615684
0.06838058016309383, 0.026022364034115987
0.06838023310739405, 0.026748086313151575
0.06838007141531167, 0.02598696877396714
0.0683802107530748, 0.026267409010812284
0.06838042900670399, 0.02724356445350213
0.06838106784566575, 0.02696929051494805
0.06838192472961793, 0.02677534206185905
0.06838298342846622, 0.02659907038667409
0.0683842639331694, 0.025985110640835394
0.06838572511338223, 0.025934338219545865
0.06838733255366075, 0.026079285252161338
0.06838912237115048, 0.026644288388483612
0.06839105765457254, 0.027987647324416862
0.06839317946129359, 0.027989512151620502
0.06839558685846099, 0.027493363243802523
0.06839814654080101, 0.02784303593884119
0.0684008658834737, 0.027172924832287768
0.06840374742945668, 0.02625384645340123
0.06840666865300886, 0.02590881281607617
0.0684096104475255, 0.026633351441749165
0.06841268633724697, 0.02635901070539233
0.06841583433125599, 0.026458997417517546
0.06841906928388224, 0.02710837748759835
0.06842243207019924, 0.026632897379464667
0.06842594125951694, 0.026869514846146303
0.06842956708407438, 0.026607815806781225
0.06843321612203775, 0.02620982374076095
0.06843704834946719, 0.02675573369857736
0.06844094142065034, 0.027142208988719524
0.06844499861627676, 0.026801313971018932
0.06844897221640987, 0.026738864611858423
0.06845316385599534, 0.02603902930543195
0.06845743336135278, 0.026985135701456896
0.06846181281080958, 0.026140481728970957
0.06846626596269122, 0.025832512168453146
0.06847078932861023, 0.026181053532912772
0.06847542433218493, 0.026886288684480505
0.06848015182003855, 0.027110006883881536
0.06848490071314332, 0.028097636450147238
0.06848971507457571, 0.02735397531362372
0.06849460648415436, 0.02798488653388166
0.06849944339667434, 0.02846205326566545
0.06850426924164967, 0.028594278616619964
0.06850938175514118, 0.028188931246029728
0.06851447338021648, 0.02831280341520449
0.06851963201822624, 0.02805791695051287
0.06852500035742555, 0.027925951573378592
0.06853027611841182, 0.02715765154789426
0.06853562015247476, 0.02700972514044936
0.06854105095949037, 0.028036933171694287
0.06854654897890486, 0.028323782626991142
0.0685520594324285, 0.02831063665236152
0.06855752518051723, 0.028754329394286147
0.06856298267283395, 0.02869496081244314
0.06856845733929713, 0.028361909568255586
0.06857406611503664, 0.028340118121240165
0.06857967037767183, 0.028827051650756986
0.06858540241467868, 0.02846492659797857
0.06859113912252174, 0.0287976919823955
0.0685968633806085, 0.02835833810004941
0.06860262881443116, 0.028435479924008238
0.06860834456850624, 0.028314918585518344
0.06861423879597031, 0.027999082792410007
0.06861994771771293, 0.02824447521725633
0.06862573399519499, 0.027856039278046956
0.06863154644895465, 0.027980335072492372
0.06863731853066969, 0.027829302654011612
0.0686431075356332, 0.02822464082611827
0.06864906698743177, 0.02898498015759887
0.06865493475428858, 0.028658485134349685
0.06866091869399732, 0.028605208136445303
0.06866689661816416, 0.028537909635578545
0.06867279423987903, 0.02861808754383734
0.06867871284851079, 0.02861520275628064
0.06868478283858255, 0.02917032336263218
0.06869089462613012, 0.027926465052709078
0.06869698311387251, 0.02773209519095389
0.06870299361128246, 0.02797207728317922
0.0687091120228577, 0.028033864886933425
0.0687151583987833, 0.028213562865072695
0.06872132421557817, 0.028929769283025458
0.06872760907373643, 0.028664628569392062
0.06873386506953912, 0.028206126187191545
0.06874008070185135, 0.027817724103130846
0.06874627905909518, 0.028276020798641898
0.06875260561143534, 0.02928064313308698
0.06875888311593005, 0.029103110055578172
0.06876530405102785, 0.0294567745394881
0.06877162439370324, 0.030141188153033915
0.06877792758071655, 0.02983996352630217
0.06878434205694468, 0.02959407647313305
0.06879081618164068, 0.02973481570779644
0.06879728558626717, 0.029960960423816137
0.06880379251838575, 0.02951041466161223
0.06881023721058285, 0.028882789531145394
0.06881686871065243, 0.02869135915826576
0.06882337784313623, 0.03002527557683101
0.06883003861037063, 0.030116973230447045
0.06883661029574945, 0.030391987728006144
0.06884320325407135, 0.030401994294070978
0.0688498368730647, 0.03032403943853209
0.0688564823499986, 0.0304538613555517
0.06886306335617096, 0.031401466784424285
0.06886969887547252, 0.031120213545429216
0.06887627511338688, 0.030447297107559515
0.0688829263439928, 0.030445290305031552
0.06888964700934078, 0.030230997268862518
0.0688963609467542, 0.03011316542761118
0.06890312913892298, 0.03042881352538884
0.06890982158083211, 0.03032244529470969
0.06891659168122288, 0.029796538805212693
0.06892327758330029, 0.029563587933667906
0.06892995795134683, 0.029729327304454364
0.068936644596034, 0.030608576355282278
0.0689433989867303, 0.029777218174792452
0.06895020305725633, 0.030020929966773885
0.06895699070419176, 0.030351215378410474
0.06896384736644598, 0.03045027281307523
0.06897076129481507, 0.030126976493977473
0.06897755506356912, 0.029454439744425746
0.06898442820315764, 0.02971491433928612
0.06899127768501437, 0.02939299959277667
0.0689982546819989, 0.029938244342546983
0.069005201087092, 0.029075802882281086
0.06901212489908834, 0.029509758963335228
0.06901908241019739, 0.029038041287204403
0.06902605493542906, 0.030025973853783295
0.06903309104180247, 0.030046562318270558
0.06904002563568014, 0.030515395458257797
0.06904704612949904, 0.03007244962741266
0.06905409553939705, 0.030243418830886788
0.0690611145602315, 0.02972074706931324
0.06906817229878852, 0.029450616569985866
0.06907519909376603, 0.02976739140275397
0.06908228957517314, 0.029955507534840966
0.06908930269712818, 0.02983840341555875
0.06909627832473952, 0.03093777096046483
0.06910341283488983, 0.02951847091295537
0.06911051717732497, 0.029960028362449636
0.06911761569976117, 0.03071949430079266
0.06912478824266623, 0.03015299931454077
0.06913190316586416, 0.030101931354594477
0.06913909634679735, 0.030853094820430582
0.06914620514033584, 0.030657156738300852
0.06915330356086787, 0.030261007124591094
0.0691604486151472, 0.030428077208043722
0.06916762445266893, 0.030122759306403766
0.06917471292921568, 0.030314095852432717
0.0691818059157191, 0.031071841223415553
0.06918903507812642, 0.030508782981230127
0.06919625037213964, 0.030981765095933065
0.06920355417546517, 0.031909856396637855
0.06921077207376612, 0.03145997826663801
0.06921797922702995, 0.03144401714203191
0.06922511532529577, 0.03175049132444263
0.06923224221568033, 0.03171321598756578
0.06923933772510221, 0.03095302185790625
0.06924636669182657, 0.03229890262327948
0.0692536230304595, 0.03321804156675819
0.06926076914026394, 0.03246166047175902
0.06926790283444156, 0.03307067275699401
0.06927495865924876, 0.03211351428204131
0.06928213494275312, 0.03224013604767722
0.06928912085185865, 0.03216497415848923
0.06929632764356078, 0.033077993082870676
0.06930353208315505, 0.03207736592134932
0.06931070298838186, 0.03218080089033076
0.06931787673100182, 0.031945513974900766
0.06932503079435103, 0.03199262367738473
0.06933211985959813, 0.03184450396479052
0.06933929024994759, 0.032531603681651394
0.06934642819495793, 0.03229273141580547
0.06935363927914483, 0.031980225239347175
0.06936086620068319, 0.031577620906282806
0.06936807560206071, 0.031765363832566326
0.0693753827735531, 0.03255777017718225
0.06938255379887998, 0.031763334191005764
0.06938988380600876, 0.031306417352538515
0.06939712721955517, 0.03208220017129758
0.06940448388135265, 0.0320542751480225
0.06941177601734949, 0.03240673142428137
0.06941890060700608, 0.03263599255723125
0.06942617331495597, 0.03199804196406479
0.06943353085151434, 0.03181654925552419
0.069440836279528, 0.03240927831547538
0.06944814334149724, 0.03221517976267668
0.0694554675549109, 0.03234652192212168
0.06946280426892537, 0.0323207544649152
0.069470100114913, 0.03207144468811375
0.06947743356086765, 0.0323810381895872
0.06948475052019942, 0.032375662368879454
0.06949206214732, 0.03254020339871029
0.06949926035545617, 0.03208841999697154
0.06950658628865844, 0.03269582674223021
0.0695138844476228, 0.032828028633504924
0.06952119828670836, 0.03277384678486041
0.06952852970474936, 0.03307390913992119
0.06953594473728889, 0.03306216335382552
0.06954324449245253, 0.03223851207647497
0.06955064094931677, 0.03188590089101447
0.06955794236359959, 0.031826482375469436
0.06956530825910825, 0.03216124297755284
0.06957268477186829, 0.03222170365916133
0.06957997055522955, 0.03168163112963182
0.06958730825580625, 0.032428267884537246
0.06959465209474573, 0.03183689855899318
0.06960205759387554, 0.0322795226184208
0.06960926071230053, 0.03266845896345113
0.06961654248871145, 0.03196312847646086
0.06962381460184583, 0.03193786709306149
0.06963120434914578, 0.03200157385514326
0.06963860272555276, 0.03236425953660429
0.0696458149981671, 0.033076448770862577
0.06965297815394397, 0.0327524789817477
0.0696602417157417, 0.03239497187951305
0.06966754701421267, 0.0322366591210757
0.06967489647595126, 0.03263196858489934
0.06968217936051165, 0.0334348501526171
0.06968948869980963, 0.033996797896541295
0.0696967725614766, 0.03295795722289809
0.06970408866866315, 0.03282212555201498
0.0697114192068529, 0.033700691956590374
0.06971880382609237, 0.03369104436019602
0.06972613627555273, 0.03351572545098353
0.06973356703588887, 0.03255866074196892
0.0697409716853333, 0.033007312504256904
0.06974828563701028, 0.0326085213198745
0.06975570526046378, 0.033037303218785674
0.06976306290952489, 0.0329967533055484
0.06977043414786314, 0.032850167618586404
0.06977786306473699, 0.032169220896437624
0.06978525859908949, 0.03291654830581495
0.06979269753452462, 0.03264734996972002
0.06980012008924279, 0.03225236082288153
0.06980763239931141, 0.03255211311226975
0.06981509927934777, 0.032316762978812426
0.0698226141605038, 0.032148048646784645
0.06983004587242014, 0.032972579176224905
0.06983739370671539, 0.0324031905714518
0.06984482825565033, 0.032154209161945516
0.06985220185817809, 0.03306125772653073
0.06985958346310597, 0.03366077694020331
0.06986718549745481, 0.03437500938723152
0.06987470101856692, 0.034985039737639494
0.06988228488138787, 0.03555340364335523
0.06988976503200289, 0.03495782379801657
0.06989735094353369, 0.03500777994247193
0.06990491570386921, 0.03447492673581199
0.06991246786060173, 0.03407621588697764
0.06992000654576942, 0.033850560358682356
0.06992748967839962, 0.03408237891022372
0.06993499663690195, 0.0344186048075682
0.06994251430287597, 0.033151231119899545
0.06995003519669894, 0.033733215446439
0.06995757837955334, 0.03404271007497818
0.069965136131431, 0.033722454318851534
0.06997263056645081, 0.033962805893644796
0.06998015095496073, 0.03540369625997245
0.06998766233526023, 0.03430183232948551
0.06999512321143073, 0.03343258328567779
0.07000275113553753, 0.03405348768791965
0.07001041118438686, 0.03469867156202507
0.07001801609767373, 0.03407153884360496
0.07002564965537154, 0.034516455592832375
0.07003332344702191, 0.03394658119272934
0.07004100333199278, 0.03427908437056491
0.07004862046739273, 0.034216874152404944
0.07005622599149793, 0.034350776309804
0.0700638369830765, 0.03416481027303063
0.07007150194319435, 0.033063331026108395
0.07007922282531985, 0.03208703599220793
0.07008681424595371, 0.03311582631404406
0.07009448266936154, 0.033423852794757423
0.07010212050789792, 0.033731976109288166
0.07010972944572925, 0.03405929006983096
0.07011736579947453, 0.034530646870931825
0.0701249838943922, 0.03536373381889243
0.07013259103500682, 0.03608673674754793
0.07014018912537391, 0.03530372686638608
0.0701477848118981, 0.03548395099463762
0.07015531617838612, 0.035092772332766246
0.07016300456502182, 0.035032753085029414
0.07017059403211934, 0.03425690985320205
0.0701782361382768, 0.03463558532377774
0.07018582690091814, 0.035377545180656396
0.07019341064845201, 0.03516921046241508
0.07020093147351279, 0.034980995682193566
0.07020844992702523, 0.03564390657516344
0.0702160997366161, 0.035408173003495254
0.07022368240095911, 0.03507600885123716
0.07023128329668042, 0.034928540958613224
0.0702388628741302, 0.036288787140394414
0.07024645558406797, 0.0356474092353422
0.07025398562328786, 0.03526851643924266
0.07026155419165225, 0.03428937680011863
0.07026918549073001, 0.03479500320493859
0.07027669502383745, 0.035294359997313125
0.07028424638444486, 0.035517328283376344
0.07029178740926485, 0.0350858345732351
0.07029926753114872, 0.035121905036256305
0.07030683849726956, 0.03518821761683966
0.07031449051974319, 0.034486127470729946
0.07032208134806336, 0.034428401604213045
0.0703296639618821, 0.03473621381317222
0.07033721627754268, 0.034558349532307964
0.07034480664751283, 0.034612690551954775
0.07035228661656631, 0.0341559748040738
0.07035995010406987, 0.03498756452928894
0.07036752354467747, 0.03458560799646991
0.07037510865409886, 0.034595154378212194
0.07038268616567911, 0.03481152036377401
0.07039029225663587, 0.03561958095654607
0.0703978781277696, 0.035978719340796654
0.07040545797932596, 0.035823914829970716
0.07041306191657118, 0.035896586344347954
0.07042062768221828, 0.03543025428326118
0.07042813783738697, 0.03566574003498281
0.07043573708187371, 0.03569898869411215
0.07044337846905517, 0.03522146760477771
0.07045101785548279, 0.034937597808084704
0.07045871125966541, 0.03568043768028409
0.07046625715570042, 0.035511388749201345
0.07047380298056137, 0.0359111612477651
0.07048134409937029, 0.03669659641261554
0.07048895031127536, 0.03566103702989126
0.07049648796639982, 0.03550133094749267
0.07050401542635382, 0.03481442926813216
0.07051153040799236, 0.034956368717485316
0.07051912218921358, 0.03530278443366439
0.07052664321429268, 0.03592316982311461
0.0705342531923999, 0.03491831907640912
0.0705418324498661, 0.03402325703587322
0.07054945669147866, 0.03421974837126328
0.07055701887543493, 0.03498238407942791
0.07056457324814693, 0.035396517384098596
0.07057207929712746, 0.03593008831301397
0.07057961171335367, 0.036166306128196817
0.07058717388173884, 0.0366205614443052
0.07059476839846528, 0.03730272194657074
0.07060226993668448, 0.03741792054015674
0.07060981855639309, 0.03680218064760868
0.07061730647642801, 0.036601337223238425
0.07062492454862616, 0.03683611245692537
0.07063256033375781, 0.03602520453731573
0.07064019295795532, 0.0365860098980021
0.07064778484822772, 0.03749518497887434
0.07065541065628501, 0.0373071677375074
0.07066299061359577, 0.03726673289852877
0.07067067348424283, 0.037747011241296015
0.07067843360442601, 0.03807876815555544
0.07068611135596255, 0.03787292024776462
0.0706937675402962, 0.03840070273045971
0.07070134579731696, 0.037640464998596745
0.07070896283085049, 0.038171401576078456
0.07071654657988641, 0.03842922786679204
0.07072418144160487, 0.03772553847543415
0.07073182703413915, 0.03863559134924996
0.07073941724306375, 0.0392496041734024
0.07074704972793561, 0.03890585224660429
0.07075468205510237, 0.0387181091234672
0.07076233709902392, 0.039710787814016484
0.07077001341629865, 0.03933646964023934
0.0707776137933745, 0.03882787695668726
0.07078525068713151, 0.038612751471610376
0.0707928915093618, 0.0374295945664363
0.07080051154327952, 0.03733300301669522
0.07080829080635313, 0.03616971648674812
0.07081595261918386, 0.03696205709055438
0.07082368504079525, 0.037422201734650974
0.07083132524964976, 0.038371323981869494
0.07083892317291898, 0.038721360147782755
0.07084645370017545, 0.03843098501206223
0.07085417670487705, 0.03808350808062734
0.07086171378979322, 0.03749370710531054
0.07086930174752452, 0.03804665489837049
0.07087696270538035, 0.03827035063351978
0.07088460289219185, 0.038024400737397206
0.07089224418896548, 0.03778519791293546
0.07089985370844556, 0.038013775149846385
0.0709075784775279, 0.03817567976766435
0.07091532110366948, 0.03767996713192601
0.07092298777482715, 0.0383865342362925
0.07093062434411142, 0.03790021775302971
0.07093825247487075, 0.03776207910705292
0.07094592461509139, 0.03798967809834182
0.0709535589660942, 0.03764952234364439
0.07096118004604635, 0.037976577560828464
0.07096878814763646, 0.03744976012846503
0.07097643066457106, 0.03736451204864789
0.07098393961095328, 0.037472149849128326
0.07099155383313324, 0.037728204063971794
0.07099922779003366, 0.037940854750907964
0.07100686210788458, 0.037023277430413906
0.07101438804840264, 0.037073592060772056
0.07102194756573399, 0.037086137308413786
0.07102950928354569, 0.037741572558736156
0.07103711006837951, 0.03801596131750819
0.07104485682566189, 0.03685749751333589
0.07105244450268994, 0.03722219211781448
0.07105999555470612, 0.03664022823742994
0.07106768339169965, 0.03663949608242823
0.07107532499579709, 0.036857958861682256
0.07108299923255795, 0.03699984869901154
0.07109060808405131, 0.036629303731307045
0.07109822828711171, 0.03739947457842927
0.07110580790492636, 0.0375355888152119
0.07111335302247435, 0.03761145751525959
0.071120901877095, 0.037209026724631014
0.07112850967287145, 0.03741605302549897
0.07113611091517831, 0.03779145014139433
0.07114371395349425, 0.03684018618564055
0.07115130805146547, 0.036007897276246356
0.07115884661594335, 0.03720614987976265
0.07116644450765774, 0.03656700145235542
0.07117393606757424, 0.03753160227262517
0.0711815754504958, 0.0381620560588624
0.07118913038082282, 0.03726432056089945
0.0711966977570206, 0.03767299780778686
0.07120424308704194, 0.03818684375585472
0.07121178056979154, 0.038962907532036656
0.071219354055434, 0.037578918218338565
0.07122686873175477, 0.03832410065692008
0.07123440963612353, 0.03827358525423333
0.07124197862526338, 0.038753167535901516
0.07124955438372976, 0.03825423348225215
0.07125707621834204, 0.037810527857203444
0.07126467573490777, 0.03810307947739822
0.07127219582780239, 0.03780358293973856
0.07127974141171826, 0.03755825885986779
0.07128725921042468, 0.03715211588928065
0.0712947150180791, 0.037415105924268915
0.07130227658369838, 0.03807493496664581
0.07130981450094967, 0.03792098325074021
0.07131741405934762, 0.03795751840461233
0.07132496042859239, 0.038490785399986814
0.07133254038192192, 0.03845966092182331
0.07134005387354478, 0.03923856877061489
0.07134767958170962, 0.03973460294398812
0.07135526531300496, 0.03974588459596617
0.07136280728541065, 0.04050279647222
0.07137043103056444, 0.0397429226334418
0.07137806091138797, 0.04072831718977004
0.07138563642738092, 0.03980917936054925
0.07139323822456313, 0.0398138410769939
0.0714008302744309, 0.0401221199673053
0.0714084287928007, 0.0399373407308876
0.07141601373238055, 0.03913561109625201
0.07142354382689438, 0.038184501252319786
0.0714310957537872, 0.038289289927029006
0.07143873752180516, 0.0381534923153445
0.07144631170484864, 0.0397730466058748
0.07145406508227654, 0.04036249196294476
0.07146175148914137, 0.039780343945995285
0.07146947675317616, 0.04013317273906345
0.07147718042149888, 0.03920041530255763
0.07148482751812364, 0.039875175701969245
0.0714924421119008, 0.040002025746196476
0.07150021583926622, 0.03951921761441046
0.07150792016652038, 0.03940521073662382
0.07151561363938973, 0.039678931097726106
0.07152329748566238, 0.03857312379611529
0.07153092675960973, 0.039072099717748866
0.07153858942469787, 0.03894426323621032
0.0715461368622457, 0.0389923439251208
0.0715537219884144, 0.03896704851742889
0.071561271476007, 0.03873951419004359
0.07156874478215602, 0.03797049624267048
0.0715762794879819, 0.038102915451347176
0.0715838488543575, 0.03821066466471546
0.07159136931450842, 0.03936458160047999
0.07159891428776005, 0.040269262216164496
0.07160645837940925, 0.039266367505248215
0.0716141217446903, 0.03895006415290578
0.07162173729787774, 0.03891157883753704
0.07162934756229905, 0.037912030844278403
0.07163688833159042, 0.038588884052918535
0.07164449432698589, 0.037685975434729235
0.07165201930912603, 0.03845995560606599
0.07165951852196215, 0.03796408796728038
0.0716670443639874, 0.037556520172340534
0.07167460781639226, 0.03794956858653447
0.0716822368161745, 0.03799722461880326
0.071689730173239, 0.03800888748359683
0.07169727905375599, 0.037731179286459485
0.0717047366888768, 0.0378572991220218
0.07171224615174639, 0.037553274677577984
0.07171985430311695, 0.03826210784203984
0.07172742122999573, 0.03874362035951057
0.07173497648739233, 0.039824678715788556
0.0717425348762587, 0.03944530197251389
0.07175010796110351, 0.04059832115747461
0.07175763123562233, 0.03962779948030119
0.07176534096102827, 0.04042882114522347
0.07177289558016618, 0.04022157248873683
0.0717805674419793, 0.039938852443517324
0.07178822002805198, 0.04076689654636465
0.0717959083164216, 0.03965531715105362
0.07180358327573032, 0.040448652472900984
0.07181122285775278, 0.03980080057417828
0.07181882045325741, 0.03933224981299358
0.07182648130481589, 0.040033244068950785
0.07183407409995855, 0.04022893470354614
0.0718416713064968, 0.039373398526410065
0.07184929129570816, 0.039318619948896
0.07185696728026655, 0.03911908500370291
0.07186462379843317, 0.03932450960812457
0.07187219488763312, 0.03945307487385607
0.07187977404328728, 0.04033402235926715
0.07188737250688391, 0.03951948266356135
0.0718950092043341, 0.039820034289727156
0.07190252947703153, 0.03961822312233203
0.07191011687324793, 0.039427244379927714
0.07191774923281415, 0.041035007222575096
0.07192524737422477, 0.03960454466409014
0.07193294453538586, 0.04001779435844141
0.07194053901943342, 0.04007115216750674
0.07194815422509568, 0.039152458402186174
0.07195574672090949, 0.03930884608817592
0.07196335829957372, 0.03975074786167884
0.0719710325212394, 0.03930578358988739
0.07197866774710786, 0.039346568882168614
0.0719862826999563, 0.03934411834137137
0.07199383300021794, 0.04091312667572712
0.07200137579700402, 0.040692799217712176
0.07200889522383878, 0.04000931935703649
0.07201632275703701, 0.03996222504317989
0.072023861142165, 0.039852452426925214
0.07203134174149867, 0.03940661329138481
0.07203884593051425, 0.039977013805232206
0.07204644186183785, 0.04086427157444939
0.07205396253952112, 0.041210956342535805
0.07206152979093702, 0.04234708902161267
0.07206915592816499, 0.04085609120780671
0.07207675865564375, 0.04263899475286146
0.07208437850850707, 0.04134671482501003
0.07209196526533032, 0.04088685216383547
0.0720996206372664, 0.04084531381383966
0.07210718633514404, 0.04110573024209392
0.07211476962360419, 0.040916354787464006
0.07212242507678629, 0.04093615616357544
0.07212996638225172, 0.04115361983164382
0.07213754636749455, 0.04136944081755454
0.0721450646639241, 0.04097345632618244
0.07215261368758848, 0.0419729322635062
0.0721600279299128, 0.042024569187583134
0.07216758037172966, 0.04157477408834244
0.07217519228849463, 0.041998392375064086
0.07218272235997018, 0.04092805636057877
0.07219023951005739, 0.04159646142997743
0.0721976951593843, 0.040999012034910444
0.07220530529092754, 0.041521099415437364
0.0722128143728524, 0.04137617572296187
0.0722202662574561, 0.04103505120703612
0.07222772614800557, 0.04031757961644921
0.07223518843703654, 0.04068064088217191
0.07224269852952533, 0.04030589120660914
0.07225028074818528, 0.040888508663391825
0.07225781681439765, 0.0405881426741329
0.07226532180340356, 0.03961814245561439
0.07227285833666423, 0.039564649107774595
0.07228042221950964, 0.038814923747873334
0.07228794549674937, 0.03866248471725614
0.07229552876368397, 0.039292348747519995
0.07230297282255654, 0.03940395291634662
0.07231041363728095, 0.039980207935624436
0.07231786911599553, 0.04009598624188871
0.07232541659866956, 0.03957242596065492
0.07233289160507864, 0.039307598252296794
0.07234023426048923, 0.03938001509740118
0.07234777386938351, 0.040467273459796206
0.07235527476244918, 0.04131608523784057
0.07236278546957922, 0.041979963904628874
0.07237027548802306, 0.041034984090390386
0.07237764917963674, 0.0403538616162423
0.07238516885741147, 0.040732595761876315
0.07239271224065524, 0.040985804907241144
0.07240022035441011, 0.04077495448158221
0.07240776609956055, 0.0395680710412228
0.07241528287223803, 0.04165373842211005
0.07242283889127116, 0.040692747296692026
0.07243025221039176, 0.04104668661130353
0.07243781774208716, 0.04155352824643539
0.0724453336937391, 0.041640831469865656
0.07245285239907301, 0.042055977656007125
0.07246037285792366, 0.043076517002300994
0.07246786525049273, 0.0425205925860727
0.07247544114942261, 0.04139464385430639
0.07248296078260903, 0.041912746953051305
0.0724905367525909, 0.039894902123950665
0.0724981329477693, 0.04094554686161894
0.0725057638945516, 0.040022103944553036
0.07251338078718235, 0.04070058985654867
0.07252094157815786, 0.041057094316259465
0.07252846323608285, 0.040538498286044264
0.07253602202702514, 0.04184263654593854
0.07254350193489431, 0.042650369740556145
0.07255105916975288, 0.04196682706695108
0.07255861996248887, 0.0423439688272841
0.07256619808772438, 0.04253867838077005
0.07257377975540459, 0.042120733676428566
0.07258135760311112, 0.04283188469333623
0.0725890038755688, 0.04303969043456483
0.07259662957794207, 0.04219031225543572
0.07260422860383042, 0.04253652181393832
0.07261185381214758, 0.043144956501902504
0.07261953972097572, 0.041892182075790214
0.07262703822554781, 0.04152197958740241
0.07263459226766386, 0.0418303425854375
0.07264202440982966, 0.04293023965568756
0.07264949824970302, 0.04246803661770054
0.07265699087648812, 0.042497323987465016
0.07266443878047153, 0.04229506272224731
0.07267198353164492, 0.04249994504219783
0.07267945591863502, 0.04135690408483304
0.07268688654173211, 0.041803215380573557
0.07269433977989333, 0.0416172804389192
0.07270186962233786, 0.041456539991117196
0.07270942139538102, 0.041214859396436924
0.07271689993118284, 0.04069556818534784
0.0727243581459612, 0.041037954123333026
0.07273180006077916, 0.04081422616045423
0.07273922751911696, 0.04262774713153911
0.07274671643196555, 0.042095922331411476
0.07275418130902572, 0.04166505827618476
0.07276167140811902, 0.04151144086607706
0.07276921138586763, 0.04104441922420242
0.07277675974426404, 0.04088056431565381
0.07278425997819533, 0.040739290801672316
0.07279183242757706, 0.04166505067373739
0.07279939455522923, 0.04106097790194816
0.07280694645197548, 0.04100400187985216
0.0728144964149318, 0.04124306274622761
0.07282194551472303, 0.041028800459827444
0.07282942771580377, 0.04151485410371193
0.07283693978850765, 0.041725615553305125
0.07284446423576967, 0.041476195612367026
0.07285202937275581, 0.041922418965243645
0.07285954197216345, 0.04171433252467981
0.0728670625806862, 0.041064961044488986
0.07287459543131938, 0.04142023196994211
0.07288218756203903, 0.042347425164226495
0.0728897759411319, 0.04292543244459542
0.07289727479998999, 0.04371983439671309
0.0729048449566243, 0.042321800130946434
0.07291244328624158, 0.04257002129594735
0.072919959532288, 0.04219587718354073
0.07292751227576649, 0.04167636818575
0.07293503141485898, 0.04053727420027108
0.07294257733441287, 0.040518320809108874
0.07295009781968323, 0.042429083081779735
0.07295765076336413, 0.04069843078212072
0.07296519980477063, 0.04262429742757325
0.07297267769892714, 0.04187540144316351
0.07298019143920235, 0.042457738541433754
0.07298769695641025, 0.04329875882028064
0.07299520807131664, 0.0438462048053048
0.0730027447245984, 0.042962098223576266
0.07301015475323776, 0.042503296142694796
0.07301761956066016, 0.0431097827968618
0.07302499316126854, 0.042447287575409054
0.0730324830487712, 0.043146026554527254
0.0730400230646489, 0.042581660854000905
0.07304757906172447, 0.042724382188664714
0.07305505780222898, 0.042674461622850574
0.07306258192337957, 0.04325408578591655
0.07307008097521651, 0.04360918672896609
0.07307759691907903, 0.044148146056677155
0.07308518108898554, 0.043937310745104166
0.07309271546145925, 0.042963125378647174
0.07310024241187273, 0.04404622140949031
0.0731078870213916, 0.042869019114808005
0.07311546021344942, 0.04263295355412443
0.07312301622578189, 0.043105205867292884
0.07313057895354481, 0.042550214491170066
0.07313816642971334, 0.043679166470749035
0.0731457225621124, 0.04229701088579881
0.07315334130520816, 0.04273880232169754
0.07316090043300753, 0.04329300780058055
0.07316842108454634, 0.04258170597195067
0.07317603448963844, 0.043206927348636584
0.07318357385861086, 0.04329811829501582
0.07319114105579079, 0.043467856349789086
0.07319868160917678, 0.0424453493321527
0.07320625929579146, 0.042273557292826704
0.07321373452766529, 0.041684338277699545
0.07322127043835051, 0.041245625873448356
0.07322872528299108, 0.04187669289337594
0.07323617961696337, 0.04344229468567945
0.07324363352736132, 0.04241728189619007
0.07325111925778019, 0.04283850374793808
0.07325854937376523, 0.04254701719050213
0.07326583283060889, 0.042564542782523265
0.07327328326237623, 0.04153111448371837
0.07328064249863159, 0.04106503655469298
0.07328805213431772, 0.04277166719448681
0.07329546254308726, 0.04215637014869419
0.07330292537361902, 0.04196051482448498
0.0733103990109165, 0.042014512198860404
0.07331781136751096, 0.041368525132685394
0.07332516763108206, 0.04215086507525412
0.0733325720536054, 0.04221328606054415
0.07333997975763575, 0.04279250102393818
0.07334737531300535, 0.042782676452265876
0.07335485995317545, 0.043221822505671144
0.07336226657349841, 0.043566364462517194
0.07336972431537402, 0.04400205556425242
0.07337712534771727, 0.04342708371788023
0.07338449039970042, 0.04382464754400905
0.07339195031292142, 0.04399534529977246
0.07339930242382312, 0.04373856597512234
0.07340673975711055, 0.04379899072551934
0.07341409901442446, 0.04439003762529646
0.07342156885719921, 0.04402710307636565
0.0734289816106316, 0.04388253077747912
0.0734364232604341, 0.04351990797033874
0.07344400087563695, 0.044597409995868836
0.07345146595910823, 0.04497047011765512
0.07345892361220024, 0.04446081117836057
0.07346638523095436, 0.044028799931790444
0.07347374662719605, 0.04356213509955788
0.07348119095954064, 0.04413412410444981
0.07348861634241709, 0.04405971805867216
0.07349603976413296, 0.04453910884292866
0.0735035621616458, 0.043688026794140924
0.07351106841770624, 0.04396498617113914
0.07351855098804769, 0.04398150863896844
0.0735260488513563, 0.04608108551027597
0.07353362304604433, 0.045616689529401705
0.07354110398028242, 0.04496007590662337
0.07354857871180098, 0.04553915109347851
0.0735561518495337, 0.04627578979659827
0.0735636260536232, 0.04589893015037852
0.07357119439160009, 0.04545492236632938
0.07357874275027243, 0.04533564372748034
0.07358630180050128, 0.04531058047119064
0.07359377365378704, 0.045735481541757134
0.07360127220439062, 0.0455769958911028
0.07360879500363225, 0.045904869896195646
0.07361629716603933, 0.045227956438954595
0.07362388782368279, 0.04495755653650105
0.07363145305340607, 0.044955354771581656
0.0736390116817718, 0.04492544203483419
0.07364660295834406, 0.044869855678284755
0.07365404663107337, 0.04526328404298036
0.07366156924758271, 0.044911088657324814
0.07366902635849383, 0.04600867779730999
0.07367656402241711, 0.04622347085480258
0.07368408910517874, 0.046152436674311376
0.07369166672136734, 0.046831506191359076
0.07369922534082908, 0.04633762239800797
0.0737067707354952, 0.04649170291104249
0.07371427627990372, 0.04690785904802296
0.07372174312014237, 0.04658075602078769
0.07372922868422455, 0.04507078833996316
0.07373664491529563, 0.04416246442871079
0.07374400894848562, 0.043938172524460896
0.0737513452624019, 0.0446812984664288
0.07375867866870284, 0.0452655883601157
0.07376597945297234, 0.04540949477749465
0.07377329558523728, 0.04591594325299933
0.07378062996225002, 0.04498815440868722
0.07378796317677866, 0.045487407705803486
0.073795311198386, 0.04596582698869685
0.07380269721941589, 0.04365258376043189
0.07380994034381158, 0.04410260798259948
0.07381729769761393, 0.04428304024167844
0.07382466173941844, 0.04399248555405025
0.0738320018743841, 0.044299011287969245
0.07383926067365217, 0.04464016743345609
0.07384675626377211, 0.045387175642222964
0.07385421052042862, 0.044764793622058326
0.07386153359954391, 0.04446598079796398
0.07386892306125253, 0.04356777743246341
0.07387629673673587, 0.044406120729633465
0.07388366096340042, 0.04501556121763996
0.07389107598888121, 0.04351883316809865
0.07389844324745051, 0.04364896217584553
0.07390590180115979, 0.0457308698660408
0.07391325263443556, 0.044729991004792025
0.07392065992560608, 0.044505723889746975
0.0739281769679643, 0.04402879209052439
0.07393560586606203, 0.04358405312227642
0.07394298331304615, 0.04564478293881691
0.0739503974417135, 0.045889984699389215
0.07395774992700782, 0.04674038590326014
0.07396513994319268, 0.04585335566134821
0.07397248217863862, 0.04523106784949268
0.07397975544912652, 0.04463544386810248
0.07398720617717494, 0.04439593639308976
0.07399457845717382, 0.04521904655577459
0.07400200110779222, 0.044905245994193876
0.07400936361285261, 0.045309982109416835
0.07401679235799867, 0.044586308132853726
0.07402422661758278, 0.04530519720895198
0.07403170238767019, 0.045402254806626303
0.0740391189655477, 0.04614188982468743
0.07404655076702582, 0.04553420007544627
0.07405402406347018, 0.04633504634533407
0.07406159652543481, 0.047851171555463444
0.07406905433333687, 0.0453837835517555
0.07407658238040807, 0.04524293427088418
0.07408403259838216, 0.045503322515952606
0.0740915973020785, 0.04557827281617649
0.07409916863163071, 0.045356250694392364
0.0741066958885874, 0.045301746939425916
0.07411411488275534, 0.04620453563015814
0.07412155193422336, 0.04678368619981307
0.07412894974560118, 0.04637332430397624
0.07413635312259581, 0.04679431101280065
0.07414377957901545, 0.046016248768066766
0.07415114910971372, 0.045448394691850365
0.07415862704505728, 0.04583997470080527
0.07416612073790574, 0.04576361661501632
0.07417353713571528, 0.045896065278951216
0.07418090558025066, 0.04673032791558343
0.0741882572743103, 0.04544020316765432
0.07419561141474447, 0.04595527350137994
0.07420293294521713, 0.04613239855811425
0.07421037460581349, 0.046227949824804146
0.07421775500288678, 0.046436763515567324
0.07422511193058245, 0.04674749999226239
0.07423252792081683, 0.04599978545177697
0.07423991767283557, 0.046646205306138784
0.07424726237932372, 0.04648077221406819
0.0742547443433862, 0.046831472066770935
0.07426220725381223, 0.04583896242588954
0.07426967760469223, 0.0457390339632854
0.07427699523414885, 0.04628768111240625
0.07428445018936945, 0.04544806914575179
0.07429181865384768, 0.04524745992597577
0.07429907201665976, 0.04505291588795364
0.07430640753881282, 0.04612374600861896
0.0743137986012088, 0.04604700111514815
0.07432102546806081, 0.04606788016371849
0.07432838115742718, 0.0457466502358583
0.07433582030641255, 0.04593554481377685
0.07434318773785967, 0.04510084292404911
0.0743504583670903, 0.04564903308619483
0.07435786306495581, 0.045904880108344134
0.07436524731305387, 0.04574771660449169
0.07437261701925947, 0.04619265022949648
0.07438007388781846, 0.046281952971494074
0.07438743303064937, 0.04586124208190311
0.07439486548632156, 0.046294099741524895
0.07440228234197263, 0.04598427692685889
0.0744097006407747, 0.04517300222701009
0.07441707761943163, 0.045618827597235324
0.07442456329840531, 0.04593164288438049
0.07443207347081196, 0.04615362663018775
0.07443964630551558, 0.04662573743232956
0.07444710347399369, 0.04691900399774749
0.07445459337234218, 0.048459701078395694
0.0744620957587376, 0.048438662908857816
0.07446956673039012, 0.048006819709335166
0.07447709201515001, 0.04744219745795286
0.07448449706172608, 0.04892999725487018
0.07449186520532623, 0.04968250725087399
0.07449924415667954, 0.048625160228631434
0.0745066211502317, 0.04915275029249579
0.07451391030529983, 0.04909855759811451
0.07452129446119726, 0.049153662044428455
0.07452870884854486, 0.048716203517495525
0.07453621934862445, 0.04795030112987897
0.07454364717299984, 0.04910830714266704
0.07455107615701026, 0.049681765134634175
0.07455849997765192, 0.049541798128609205
0.07456601491523816, 0.04862880639454174
0.07457334496680033, 0.04839334373195578
0.07458074291864178, 0.04833631366363611
0.07458817014200558, 0.04653264849435997
0.0745955377178544, 0.04748095954091609
0.07460297087790622, 0.047728205247247316
0.07461036532164587, 0.0473979821190751
0.07461785784186559, 0.04777718645453011
0.07462540157012021, 0.04782305582526357
0.07463285360051451, 0.048111005242001556
0.0746403176641821, 0.047935127302044224
0.07464775193600535, 0.048903568766148674
0.07465517274063493, 0.04903466511197145
0.07466271389910459, 0.049431539062004086
0.0746701706001742, 0.050380123152121856
0.07467765555705728, 0.05021428345786329
0.07468514030643214, 0.04919614393881235
0.07469252801157976, 0.049516656782159475
0.07469992730471058, 0.04906109152243791
0.0747073145062922, 0.04933573683830953
0.0747146770212447, 0.04843232592418377
0.07472210173180353, 0.04821588479845345
0.07472946716163173, 0.04768790458782708
0.07473689632306489, 0.04883599600288362
0.07474427585837976, 0.04831251854936305
0.07475171823872355, 0.04864921752429386
0.0747590988822702, 0.04758315667111576
0.07476648434175302, 0.0479990135304389
0.07477389054788769, 0.04863683491839986
0.07478126068702637, 0.04878210392285541
0.07478865167402843, 0.048288108019516246
0.07479598085225236, 0.04904370969782069
0.07480329699898106, 0.04841459627643883
0.07481071837998803, 0.04807587409809835
0.07481813952309839, 0.04858874405256998
0.07482550766169467, 0.04899970205988713
0.0748328990888638, 0.04869605552033947
0.07484041087744679, 0.04972913877938276
0.07484785011680173, 0.04956981706018299
0.07485523582358158, 0.04987245082841347
0.07486260308409046, 0.05086238403314812
0.07486989054060869, 0.049622845060517284
0.07487719520128536, 0.04939629139131795
0.07488453388991975, 0.04851556799478129
0.07489187757258517, 0.048923443857229944
0.0748991714009323, 0.050056844130235804
0.07490655751986637, 0.050387040792084226
0.07491389216729477, 0.05008028437187203
0.07492123510081891, 0.049327639490452206
0.07492862974028901, 0.05027670995252419
0.07493603414747685, 0.04896206290546737
0.0749434045127661, 0.04902712311491508
0.07495070325757613, 0.04863036533691065
0.0749580526418291, 0.048140395299413864
0.07496532806681833, 0.047901762983200105
0.07497263452981222, 0.048796396423802145
0.07497995796066236, 0.04805467306523448
0.07498729058770176, 0.04742126015983746
0.07499453374260293, 0.047240804417576644
0.07500187718436893, 0.04651535731628137
0.07500925129249518, 0.047772886031015475
0.07501670580695395, 0.04813714854316611
0.07502407156880057, 0.0481479931028654
0.07503138551615998, 0.047120570837034886
0.07503879521332628, 0.047977545575233184
0.07504610014731239, 0.04730624252660879
0.07505339252545372, 0.04823341026705457
0.07506066416197783, 0.04823846404798815
0.07506800062092599, 0.04846330016433613
0.07507533781985207, 0.04882174701529739
0.07508266380621073, 0.04832495945425754
0.07508998892272216, 0.049086151086297304
0.07509737453888223, 0.049474752883983814
0.07510477292630229, 0.04920102367578113
0.07511208475070827, 0.04795695642353977
0.07511933250354519, 0.048656036549266514
0.075126650837961, 0.0485104757842798
0.075134060948857, 0.04900084626254133
0.07514141940584604, 0.048710874570068834
0.07514881513524235, 0.049001732519865615
0.07515623328293003, 0.04843096032533102
0.07516356566792098, 0.048271759329407006
0.07517097863667856, 0.04812742800633889
0.07517837961661954, 0.04879066295647215
0.07518589360336618, 0.048428543169374276
0.07519328782158806, 0.04808058934249894
0.07520066407066645, 0.04755010838859872
0.07520804454198858, 0.04766351130206889
0.07521552724641525, 0.04947635341370603
0.07522282073763355, 0.0478082550436604
0.07523014149119729, 0.04852259877954288
0.07523748883759963, 0.049191858255802745
0.07524481314878431, 0.04953847985290776
0.07525223274951277, 0.05057282360162001
0.07525961546544234, 0.049819483091328276
0.07526691040779629, 0.049475785207695896
0.07527417966861703, 0.05126371876247879
0.07528144367980492, 0.050419544276927644
0.07528883417767714, 0.04988225389441739
0.07529619468616829, 0.0504330171363636
0.07530363955648063, 0.05115602605202595
0.07531110556004766, 0.05013852613324669
0.0753185000154342, 0.05029793995250431
0.07532589043430925, 0.04996355420788506
0.0753333063564271, 0.049699785947653015
0.07534075291253658, 0.049654739398387285
0.07534820024919496, 0.048203620972904135
0.07535546977045793, 0.04963337328058571
0.07536281546674001, 0.049437979498209494
0.07537017923297579, 0.04960827056931844
0.07537752918762874, 0.04938860782597266
0.07538485051151585, 0.050798744716835424
0.07539216678285672, 0.05032372059173901
0.07539946973441085, 0.0497855055897419
0.07540678952655042, 0.04962149373741364
0.07541414818477192, 0.0505098263683604
0.07542148818745138, 0.051684142257556354
0.07542884921558016, 0.050672310162669404
0.07543616630627663, 0.05017746879222825
0.07544340416600531, 0.05181060854327367
0.07545074752412025, 0.05020871441058122
0.0754580088346298, 0.05040848913391654
0.07546533938342558, 0.05081598776666482
0.07547263450584904, 0.050586944298073276
0.0754800118920218, 0.051012381936609716
0.07548741821825607, 0.051899808146486426
0.07549471293842219, 0.05140756103366132
0.07550198400979151, 0.050361048148450833
0.07550932705187678, 0.05064985023696203
0.07551658758711503, 0.0504212211247329
0.07552398675677542, 0.05066093970759652
0.07553143229144094, 0.05056514743506718
0.07553875379355289, 0.050409941120134874
0.07554605562816706, 0.05054188094394473
0.07555326918824565, 0.04917515817119757
0.07556054267583924, 0.05085745129644583
0.07556782624877964, 0.0502439836830171
0.0755750881718231, 0.0519526752295524
0.07558241010760888, 0.05080263111574315
0.07558970784649395, 0.05104187475412188
0.07559699324004751, 0.05088379491565511
0.07560416352114167, 0.0505808600210061
0.07561145751952415, 0.05062906594137904
0.07561866831755429, 0.05079609066036596
0.07562592668468936, 0.05108551088853082
0.07563323315864874, 0.05003960882959363
0.07564045340144461, 0.0496955674705962
0.07564771247152141, 0.049519581237056166
0.0756549358688611, 0.049564928460561604
0.0756620631017671, 0.05021332915614618
0.07566925111094358, 0.05025594615330123
0.07567636014666694, 0.050217824650060125
0.07568345578353582, 0.049769403041003295
0.07569070058757926, 0.05104411186640024
0.07569789464918596, 0.05098856475037858
0.07570510586938829, 0.05056762565698186
0.07571235236734745, 0.051401495054543486
0.07571963416270469, 0.050519191149776176
0.07572688342590349, 0.04930902250673804
0.0757341348615521, 0.04969205328855193
0.07574141444278322, 0.049432845905585575
0.07574859218199367, 0.049551966322890564
0.07575578742265529, 0.05046213294768043
0.07576304297893165, 0.05113725191089669
0.07577022687282631, 0.05079663443762474
0.07577748470049993, 0.0514422328876296
0.07578468127416467, 0.05130520652492282
0.0757920234354204, 0.051024311454397994
0.07579931005991065, 0.05113112441856599
0.07580654268509236, 0.05016969807825133
0.07581387416421533, 0.05181855814624587
0.07582120067091677, 0.0508526505512872
0.0758284656370493, 0.05112480469672484
0.07583585784081563, 0.05193840657700971
0.0758432158859576, 0.0511469181824284
0.0758504813939238, 0.05054167864253462
0.07585775317844279, 0.05103619299408634
0.07586509754837409, 0.05208980684675095
0.0758723664103512, 0.052137370357004345
0.07587973643325176, 0.05099154956121475
0.07588699896275496, 0.0522831901518969
0.07589427498725484, 0.051303157335696584
0.07590149776479563, 0.05155605879721954
0.0759088543350349, 0.051669372978233416
0.07591608621647634, 0.05264324914057015
0.07592328596274812, 0.05319170582545461
0.07593055028083542, 0.052081706022725514
0.07593780273311052, 0.04998762996727803
0.07594506013399945, 0.05088167292654514
0.0759523302161894, 0.05135663389561374
0.07595959395076365, 0.050759227433026834
0.07596683585021956, 0.050634181616221054
0.0759740824313884, 0.05117150084495405
0.07598131341364327, 0.050738576086359774
0.07598849924844944, 0.05130342925487627
0.07599577764744259, 0.051500692041121156
0.07600309022028993, 0.051424014139810605
0.07601051425682352, 0.050190792578056344
0.07601782745809464, 0.049747899312665524
0.07602514057065071, 0.05145397309547044
0.07603237351454163, 0.05137373067117439
0.07603962547041673, 0.05203375159988038
0.07604696686459375, 0.05147022154232916
0.07605415681161616, 0.05192022776043959
0.0760614096475667, 0.05240772411651131
0.07606863649836805, 0.05300446658614049
0.07607592073421898, 0.053039386911983094
0.07608316353215488, 0.05315011609852767
0.07609037645132355, 0.05262069867308452
0.0760975763013491, 0.05209853882749265
0.07610474952474941, 0.052986460079830086
0.07611195436271648, 0.05463278094869548
0.07611910286460176, 0.054022436588676934
0.07612635372213679, 0.053736490362459144
0.0761336606870802, 0.05337820364021635
0.07614086235496002, 0.05233000958840559
0.07614813134800254, 0.053544515168863833
0.07615534559782916, 0.05168681536325806
0.0761625021302841, 0.05073450072405787
0.07616973660688918, 0.05080692340504387
0.07617699350142026, 0.05119802727456675
0.07618414718056817, 0.051543721286929016
0.07619135546115716, 0.051745648778215636
0.07619870615109241, 0.05251348909036042
0.07620594625219566, 0.051537437888785606
0.07621329097485849, 0.05293694602191404
0.07622066070346599, 0.05321478521806751
0.07622806674125576, 0.05221593623280006
0.07623545159496559, 0.051521189571064364
0.07624287813710773, 0.05234882400493036
0.0762501520152335, 0.05260573210463525
0.07625751456403372, 0.05165103001717963
0.07626480055057555, 0.05234261002015046
0.07627199264972999, 0.051612692545000484
0.07627944200549626, 0.05074662155799733
0.07628682520499018, 0.05103451153771409
0.07629416927579795, 0.05140299087394612
0.07630158833503167, 0.051409255964149164
0.07630899822504733, 0.05172034060175926
0.0763163529464818, 0.05260174991618167
0.07632370155565668, 0.05180429461249734
0.07633103259003159, 0.05113424034048613
0.07633838593776918, 0.05013689217758321
0.07634570471018762, 0.05206793575567703
0.07635289068566484, 0.05204206428250569
0.07636013626179723, 0.052414324649189915
0.07636737189031953, 0.05172728598626613
0.0763746852488186, 0.0520669732328501
0.07638201503327048, 0.0511651175964153
0.07638935222328137, 0.05169344953320954
0.07639668796335936, 0.05167252726412799
0.07640394664307751, 0.052055490838598735
0.07641131865497829, 0.052294615770694275
0.07641879147411523, 0.051472175197236215
0.07642612972469018, 0.05225856706218999
0.07643357800179279, 0.05133925562380885
0.0764410306784773, 0.05175436784290595
0.07644833549480151, 0.051838304602346626
0.07645572721051626, 0.0519160515645298
0.07646309110412464, 0.05107108428107183
0.07647044293840055, 0.05096650082951513
0.0764778988238385, 0.05183484571699195
0.07648526608918083, 0.0516966978606451
0.07649259484592577, 0.05204256957669841
0.07650002298054377, 0.051645221623569076
0.07650732626548216, 0.05204227095377224
0.07651467314521405, 0.05263910793851553
0.0765220032972001, 0.05342599404567863
0.07652934833390096, 0.052045366791128186
0.0765367024447888, 0.052909164285255425
0.07654411988820098, 0.053394929925629026
0.07655149040011637, 0.051927263935182155
0.07655879226290269, 0.05311384591296121
0.07656616271390634, 0.052783115478885104
0.07657352228645602, 0.052957020536108124
0.07658085234521117, 0.0528192543362894
0.07658813399693866, 0.0526080255664158
0.07659537856170257, 0.05240415432112238
0.07660264988777618, 0.05224054449089216
0.07660994113246143, 0.052548580126283495
0.07661714573305183, 0.05434756342431165
0.07662442682139202, 0.05325128027237693
0.076631660010264, 0.05257322254371114
0.07663885687297621, 0.052875638115381145
0.07664611267444421, 0.053585844293535516
0.07665332215853338, 0.05350360994611669
0.07666053186945614, 0.05352896455392352
0.07666782430864183, 0.05349416098898191
0.07667517046489061, 0.05217327417831944
0.07668253675474099, 0.05242408175496451
0.07668971571888233, 0.052571794188703024
0.07669697730521037, 0.052458686486759006
0.0767042571611334, 0.05246315505490189
0.07671146416331821, 0.05167843194401745
0.0767186980525416, 0.05197228292194603
0.07672594802286117, 0.05185070900373447
0.07673318009702859, 0.0522756999880022
0.07674042979961913, 0.052771585834131406
0.07674773508381558, 0.0535650218755531
0.07675507940672356, 0.052071930091779
0.07676246205665266, 0.05150513365209589
0.0767697578208686, 0.052755078602570046
0.07677701509388345, 0.05263042478096878
0.07678420196298835, 0.052250925686997254
0.07679159009840913, 0.05380620186911591
0.07679887851951052, 0.054034945006339825
0.07680617667752028, 0.05311695103624137
0.07681342506009685, 0.05292356922373659
0.07682065414501717, 0.052642138142847475
0.07682784480654417, 0.0523872519722024
0.07683504181764235, 0.052236514190298365
0.07684218601544773, 0.052515938848176034
0.07684935380101783, 0.05215472877591343
0.0768564257030972, 0.05286653552310169
0.07686350145678425, 0.052075291755236765
0.07687067122988256, 0.0535540919334347
0.07687774243555463, 0.05279411162151217
0.07688477999177189, 0.05369564938238048
0.07689187498630072, 0.05296351114735188
0.07689888872112284, 0.05212909320896949
0.07690604029766918, 0.05122702430630753
0.07691303131095006, 0.05213306300064695
0.07692016078385819, 0.052337017221538114
0.07692722057483886, 0.05265318842079681
0.07693436465933869, 0.05290987577198754
0.07694153422558729, 0.053065778639112604
0.07694865820572741, 0.053313045397995154
0.07695582830642371, 0.05485253713505812
0.07696297066779613, 0.05394418668343723
0.07697014185660848, 0.0537700048494509
0.0769774263475702, 0.05384560057846035
0.07698458453943464, 0.05358292774593
0.07699180117705115, 0.054134772623346525
0.07699894666619375, 0.05429317015075965
0.07700616452868654, 0.05268318571518902
0.07701341490681186, 0.05379261389005061
0.07702053284660745, 0.0543256508327138
0.07702773687477205, 0.053857678325346325
0.07703497734860172, 0.05369956758776705
0.07704220734082637, 0.05284654131240174
0.07704946856737681, 0.0518866474935839
0.07705668232070348, 0.052112984478725095
0.07706395281256713, 0.05255158427559194
0.0770711711129276, 0.05499631644953602
0.07707835555723072, 0.05522734990753784
0.07708550412939998, 0.053875810783291976
0.07709274081348347, 0.05410360760486949
0.07709991890252123, 0.05452162444995341
0.07710710644301348, 0.05557950497789188
0.07711416552975305, 0.05521901840559421
0.07712133529691666, 0.053925610312803025
0.07712849610701379, 0.05281374288660579
0.0771356341188069, 0.053304412167214085
0.07714280506386025, 0.0531710694707446
0.07714993305631476, 0.05253807575642899
0.0771571003900489, 0.05293199112980666
0.07716424314603812, 0.0537555953865223
0.07717139853775482, 0.05534080301851724
0.07717859499245276, 0.054131418478186505
0.07718580992069664, 0.05434433564973342
0.07719300135930188, 0.05349947248242528
0.07720026059999006, 0.054091184815330956
0.07720740671160709, 0.05397468844445114
0.07721457025162709, 0.053831629629962116
0.07722179892655211, 0.05433933132074165
0.07722893900788416, 0.054928302984281537
0.07723612911748427, 0.05360013941299726
0.07724335684713486, 0.05333870311194103
0.07725045448800893, 0.05314159874402189
0.07725766523921507, 0.05248521530209031
0.07726476769922434, 0.054852343316660224
0.07727192834745145, 0.05414198673652755
0.07727906703304022, 0.05470144105541808
0.07728623258383992, 0.05373910699743436
0.07729340341947971, 0.05489429697147289
0.07730063909067875, 0.05445846160378445
0.077307861180774, 0.05422439151910552
0.07731507049365623, 0.05428245239460786
0.07732219133086261, 0.05424272879190727
0.07732935961105597, 0.05382343684430482
0.07733650554634587, 0.05279881793303399
0.07734369361754308, 0.05309280234334257
0.0773507735424579, 0.05369910824234284
0.07735804779904054, 0.05340036041111978
0.07736525134731277, 0.05413941320913409
0.07737241602475417, 0.05464463858707444
0.07737958999291462, 0.05430399326310029
0.07738673068194536, 0.05408019920455178
0.07739387687248614, 0.05387799266383883
0.07740108282377366, 0.05518267297537845
0.07740817879054757, 0.05468864849583129
0.07741539501970011, 0.05393795628841542
0.07742260704710671, 0.05287131371085477
0.07742970586989349, 0.05367027648389575
0.07743690128007874, 0.05419264914496911
0.07744415424379454, 0.051898790736576064
0.0774512647358123, 0.05195308870275152
0.07745841455368507, 0.05362193200892535
0.07746553964152891, 0.05380363407292034
0.07747272396926734, 0.05452556951517432
0.0774798037312578, 0.054435702519519874
0.07748686114006981, 0.053807755903558296
0.07749395879913501, 0.05339936062598221
0.07750119080518167, 0.053584500523728505
0.07750836716263906, 0.053773325565947494
0.07751554067956788, 0.05308474446953395
0.07752285969531207, 0.053266258612902594
0.07753027440888863, 0.05300644710235923
0.07753762814284879, 0.05321951438035536
0.07754504560119681, 0.05489530753975797
0.07755234876825326, 0.056536312828090615
0.07755976954794667, 0.05495954943978012
0.07756710255947351, 0.05647558302367906
0.07757448089312521, 0.05559991830223744
0.07758183791782247, 0.05542513425705579
0.07758908252338864, 0.05633218882450425
0.07759640775169861, 0.0550315968238444
0.07760363079336874, 0.055234218768910784
0.07761088153856217, 0.05416294672348362
0.07761806306780998, 0.055460757540854944
0.07762515351852406, 0.05576643383911487
0.07763231083839028, 0.055627307927245864
0.07763956577645965, 0.055152255407602976
0.07764669601851851, 0.05493928903416926
0.07765376369210975, 0.056054827497293735
0.07766083057892108, 0.05522754002420936
0.07766793314901534, 0.05721178763294975
0.07767503237291694, 0.05565712054402332
0.07768211599433966, 0.05689181039116998
0.07768921015202407, 0.05671657087685475
0.07769630063016435, 0.05642940248821871
0.07770344508926869, 0.056340650644068346
0.07771041902334862, 0.0564890560977483
0.07771746963331448, 0.05670860974827052
0.07772453761086637, 0.05675617768653605
0.07773166661543521, 0.05680021729997645
0.0777387191707488, 0.057149510953679185
0.07774585220468609, 0.057101685704951076
0.0777528751726119, 0.05738083037692025
0.07775990685944321, 0.05685607606124091
0.07776708252340349, 0.056994545019736866
0.0777741534033192, 0.05729828658139725
0.07778115254055666, 0.057327373410782236
0.07778826607266728, 0.05766225613385404
0.07779526603573086, 0.056946744435364495
0.07780227642691767, 0.056419073279178486
0.0778092811214905, 0.0560814327049859
0.07781630788477399, 0.05545679229859949
0.07782338876473313, 0.05701281558977491
0.0778304424102848, 0.05614934995974175
0.0778375931585255, 0.05566588084963711
0.07784465331442311, 0.05602672864175986
0.07785157544537583, 0.05610138938705961
0.07785872506492914, 0.055632100907217
0.07786583870319161, 0.05535628497430498
0.07787289827609722, 0.05605624686783907
0.07787998843574925, 0.05543614723543174
0.07788713391880518, 0.055519389429807886
0.07789431569985189, 0.05577950797060004
0.07790142611817519, 0.05659553452654266
0.07790861833075709, 0.056643057388460746
0.07791570094401534, 0.056052025425785926
0.07792275841756877, 0.055818903113866086
0.07792986671573267, 0.05521948939993764
0.07793703324499911, 0.05631939295284644
0.07794417377642837, 0.05607057412158388
0.0779511632583424, 0.05514756997494514
0.07795820557790838, 0.05588341596321031
0.07796537504741888, 0.0553739555145024
0.07797235125857638, 0.056385241750799064
0.07797948725588122, 0.05688400916884236
0.07798659064902069, 0.05763801020208354
0.07799364195928672, 0.05892877596681875
0.07800080279191121, 0.0572678036406083
0.07800794513234224, 0.05778448000754788
0.07801504092354448, 0.05792851258911437
0.0780221258069405, 0.057368590185627635
0.07802921784548192, 0.05655817150642923
0.07803623796181576, 0.05879993913825861
0.0780433255791646, 0.05664534527425371
0.07805036420715837, 0.05690088786441954
0.07805738421094685, 0.05825692679390308
0.07806444369484555, 0.05764892411671007
0.0780714796426441, 0.05687942257255972
0.07807853937703306, 0.05640962161420662
0.07808549646726522, 0.05768765093054663
0.07809246856949674, 0.05790139598890557
0.078099466286799, 0.056222512863300766
0.07810646391282197, 0.05573803546211261
0.07811354512267712, 0.05669854908929301
0.07812074011609318, 0.05705564595572233
0.07812788144977079, 0.056070593468443564
0.07813505746981343, 0.056217808173746615
0.07814221531701927, 0.055436620179759775
0.07814935869508079, 0.055996977673104624
0.07815647664199939, 0.05593118371120764
0.07816361219421522, 0.056070716285829526
0.07817075348224183, 0.05536767840451223
0.07817779068868425, 0.05632072356641009
0.07818496455089465, 0.05666460439387524
0.07819199862556088, 0.0568532139473311
0.07819900724605404, 0.056365671262465576
0.07820612259510631, 0.05685124777669848
0.07821319226095734, 0.05683509252776059
0.07822023346221513, 0.05695257701763355
0.07822720304670469, 0.05729180147609541
0.07823420561855828, 0.05787408748320663
0.07824126206560732, 0.05858510263547383
0.07824825438862952, 0.057048875906917366
0.07825528252725882, 0.05714863670356365
0.078262457118386, 0.05756504070718296
0.07826961970886934, 0.058716120422096715
0.07827673948724859, 0.059209228640404676
0.0782837935018668, 0.05972104490052599
0.07829083389778756, 0.05992451324977231
0.07829795501290535, 0.05957969980915221
0.07830508311751634, 0.057948410563953015
0.07831215942802901, 0.05831082651430514
0.07831928576448033, 0.05919426779468557
0.07832639263456252, 0.05819202673357475
0.07833355963428754, 0.058072587637968014
0.0783405878984105, 0.058439968992657534
0.07834750726477346, 0.05838726857738847
0.07835446106784627, 0.05770883114064281
0.07836142555092376, 0.0572344304907604
0.07836851623925467, 0.057860996691116884
0.07837554076958053, 0.056777353736912804
0.07838259217347802, 0.056089329308049427
0.07838967450946116, 0.05688414810555432
0.0783966842737588, 0.05729027448099006
0.07840371127677931, 0.0583901964559744
0.07841086143060937, 0.05836550553917719
0.07841790772185286, 0.05789769289108645
0.07842505039343958, 0.058125920430973775
0.07843211353145409, 0.05855967193662121
0.07843917558683686, 0.058511521292973746
0.07844619389495351, 0.05833065208985902
0.07845336349520705, 0.05854365928113177
0.07846046855265337, 0.05925809461146044
0.07846747988662404, 0.05921484307729992
0.07847448906018462, 0.057731222373619315
0.07848144067106683, 0.05796227216126177
0.07848845086211374, 0.0593706916520281
0.07849552662069843, 0.05916926755122825
0.07850261649641754, 0.058514909111790074
0.07850960069038673, 0.059849280176540745
0.07851658761195436, 0.05892744423899635
0.07852357985436786, 0.059547917828818395
0.07853060437371845, 0.060029538241285166
0.07853762234138084, 0.05912693534826599
0.07854462498925877, 0.05914232793834636
0.07855174215580948, 0.058453372260237946
0.07855875341160902, 0.05830616645099234
0.07856574300243235, 0.05868132575525397
0.07857265816406742, 0.0578984736555877
0.07857961167437387, 0.05741099210353694
0.07858667258401857, 0.05889578354544137
0.07859368162789113, 0.058958480298171426
0.07860070516798584, 0.05947321306746897
0.07860773085306601, 0.05864682733580881
0.07861477099437222, 0.0581916357571493
0.07862170726062225, 0.05799309967071887
0.07862876850859177, 0.057829006190405034
0.07863574791112725, 0.05687296994577761
0.0786427460681648, 0.05760751155197817
0.07864969214194464, 0.05792595282645269
0.07865665329963466, 0.05800095670581034
0.07866357156340646, 0.058168903446018855
0.07867054903593598, 0.0579226698728234
0.07867765097311728, 0.057257001905416924
0.07868457117243739, 0.057370628871614364
0.07869155289971824, 0.05744854127169674
0.07869856150301224, 0.05674142327420781
0.07870554887559118, 0.057066106177550084
0.07871260425739923, 0.057794474752009654
0.07871955281818356, 0.05745324498769845
0.0787265675544038, 0.057477380205607796
0.07873350358922646, 0.05738542138587018
0.07874042401122466, 0.05772659672549256
0.07874743931378712, 0.05828841572283112
0.0787543991614218, 0.058596046683488084
0.07876134765831358, 0.058121322318087296
0.07876837320026829, 0.05612346444428515
0.07877536967679127, 0.05592610484312615
0.0787824834077732, 0.05575541679092786
0.0787894713072567, 0.056407445694488106
0.07879643436696929, 0.056593132762745184
0.07880349891684149, 0.05605922391763401
0.07881047547752583, 0.0562216717585483
0.07881752265001676, 0.05623513925808111
0.07882450601511101, 0.05565546467878108
0.07883155026012939, 0.05735441090194412
0.0788385034509875, 0.058641841603868095
0.07884555427893297, 0.058909316813482306
0.07885254217164567, 0.058619538950870395
0.07885960038712703, 0.05768979567681008
0.07886661744542967, 0.05721252544000793
0.07887361911726402, 0.05833391650458185
0.07888049746476801, 0.05832870619089035
0.0788875220761909, 0.058607589751220546
0.07889446862325034, 0.05846954297152367
0.07890153840988344, 0.05764192236668466
0.07890852355579403, 0.05711545115569148
0.07891556317972427, 0.05942554517821599
0.0789226480333851, 0.058153011857675616
0.0789296929902371, 0.05957098214148722
0.0789366791727755, 0.05861396647130083
0.07894366025020748, 0.05806431136222074
0.07895061655191529, 0.05847052570158466
0.07895759327242062, 0.059750607707415034
0.07896453024633088, 0.05892603442882323
0.078971429738176, 0.05819982321045388
0.07897849245204468, 0.05804184580807881
0.07898541510383289, 0.05894359127578261
0.0789923144247721, 0.05881943385383601
0.07899927695543313, 0.06056664087049637
0.07900629149477367, 0.059335745226115566
0.0790133156323881, 0.05895434243606125
0.07902038591859374, 0.059020377295522924
0.07902735229650379, 0.059414031258927184
0.07903426330727595, 0.05882122098493395
0.07904119033172774, 0.0586082268004173
0.07904821491755978, 0.05778612449428275
0.0790553370991226, 0.0571200379400772
0.07906230836219792, 0.05751427996772935
0.07906923593705174, 0.05859945128963003
0.07907625399673593, 0.05803957233365881
0.0790834339901485, 0.05797292457947339
0.07909048207406642, 0.05867537972674696
0.07909754762644194, 0.05960436654593096
0.07910449499437679, 0.05870386646768651
0.07911150511093307, 0.058568688152248444
0.07911863317141718, 0.05737780311576245
0.07912570444097453, 0.05801446440364317
0.0791327294512313, 0.05778091671510296
0.0791397481493663, 0.057109805834519564
0.07914671938460546, 0.057799427448405445
0.07915348897394887, 0.05758551502571905
0.07916050648904775, 0.057476060261738945
0.07916748036775946, 0.05720133064483892
0.07917442524737522, 0.05655986359951741
0.07918134450216356, 0.05678062918789637
0.07918829583499817, 0.057128920181075765
0.0791953066678136, 0.0583286470814908
0.07920218513510502, 0.058202833179945034
0.07920904677720035, 0.057365571303815914
0.0792159422130232, 0.05811320165403636
0.07922278966227735, 0.056742469215924615
0.07922969136075024, 0.05766134235185434
0.07923652884250067, 0.05848338190893261
0.07924327516329512, 0.058050560007381034
0.07925013957631347, 0.0586075179214736
0.07925695987183365, 0.058262949097730526
0.07926388512426047, 0.05904621455671688
0.07927077021533875, 0.05680164582977872
0.07927766002009409, 0.05765656490146462
0.07928462986874114, 0.05714713300961855
0.07929155337879096, 0.05771890011365718
0.07929852214643612, 0.05840192299900136
0.07930534973380073, 0.05788603799196595
0.07931221573635806, 0.05812088330111943
0.07931907569668005, 0.05732701235939356
0.07932612182691133, 0.0577548017060572
0.0793331392020557, 0.05743148551645943
0.07934008700083253, 0.05807518611746865
0.07934692653062032, 0.05724796510539167
0.07935392664581362, 0.057258246238490455
0.07936099892153457, 0.057407923509151075
0.07936791079637899, 0.057603099440879144
0.07937490570281314, 0.057612888790204944
0.079381877062786, 0.05922962500542523
0.07938880536341394, 0.05842212734256458
0.07939575531277167, 0.056443729970902495
0.0794026817743809, 0.05688235435558689
0.07940949324632833, 0.05702458989748831
0.07941634566671041, 0.057686796719878135
0.07942323557164575, 0.058946122658707314
0.07943010076260018, 0.060547703459222446
0.07943691438507695, 0.05829317710962342
0.07944371127813799, 0.05975021735344084
0.07945061241113756, 0.05778744110371022
0.07945749556153187, 0.05764633446059987
0.07946428396085044, 0.058171258182241385
0.0794710791455936, 0.057637936002045885
0.07947786644831871, 0.05767220747943574
0.079484777317225, 0.05925423719837349
0.07949158463519494, 0.0595536918686429
0.07949847155757389, 0.05921723084306781
0.07950539527484142, 0.059673513672416315
0.0795121577522698, 0.05946524838684267
0.07951896903924714, 0.06016530357148326
0.07952579060170781, 0.05807873204086178
0.0795325860378935, 0.05945627047513212
0.07953943183341514, 0.05850942447862122
0.07954619501291724, 0.05703457592788143
0.07955310888656011, 0.057903692783726896
0.07955993480077499, 0.0591945005301045
0.07956674805822431, 0.058675018570077245
0.07957366686177095, 0.057864488407846165
0.07958059679648127, 0.05839872343006322
0.07958750125729168, 0.057674089922826806
0.07959449692720912, 0.05644782010183359
0.07960152778466985, 0.057414428550549866
0.07960860973931079, 0.05762219354906722
0.07961552904932236, 0.05807293624393144
0.0796225424741492, 0.058002333913621404
0.07962962637992911, 0.058228071045697154
0.07963663568670924, 0.05765091625967161
0.07964358616805187, 0.05842000042900522
0.07965065597129982, 0.05954328916355431
0.07965771947326852, 0.05801143106535887
0.07966465751533251, 0.058048981505742836
0.07967172908505908, 0.05876517712448212
0.07967870449158868, 0.057305843280168293
0.07968563302838998, 0.05749968719620248
0.0796925567694784, 0.057665018445378496
0.07969945952226816, 0.05892123441759085
0.07970645586637766, 0.05933809226521971
0.079713344777619, 0.05848881474997969
0.07972025061621338, 0.057949299725698414
0.07972709381362736, 0.058471925010345614
0.07973403083495947, 0.05643620073915198
0.07974087931307798, 0.057889384077041375
0.07974778374155361, 0.056879289468059265
0.07975469740709355, 0.056945592630036644
0.07976159040689766, 0.057497193658909276
0.07976838727652, 0.0573506406950042
0.07977528450735567, 0.05848621241436858
0.07978220179621634, 0.058921969820728774
0.0797891283568497, 0.057474276201280074
0.07979607570234568, 0.05766561740575467
0.07980303187950648, 0.05863365559277792
0.07981000407627478, 0.05799022484223408
0.07981688971597994, 0.05872916518262
0.07982382341608212, 0.05917614310444639
0.079830756403932, 0.05829188524769301
0.0798376511905733, 0.06039402250993513
0.07984460147141507, 0.05928020831033379
0.07985158532688291, 0.05925375118582602
0.07985852698258694, 0.05920043998005976
0.07986559495596977, 0.059300386898326424
0.07987262328851258, 0.05818040770003784
0.07987962321372305, 0.05868932958126615
0.07988659456714531, 0.059718819108386674
0.07989350041081122, 0.06062568309046302
0.07990045797054343, 0.05920945734581724
0.07990747402681048, 0.05772923403002563
0.0799144079019607, 0.05953205346079864
0.07992137964108119, 0.05791251094604495
0.0799284050125577, 0.057599861036895295
0.0799352684313223, 0.059054499411204525
0.07994226525318077, 0.05811924522612122
0.0799492757573271, 0.05749458966439078
0.07995623077705498, 0.059359408548467475
0.07996311875569172, 0.05861700650511625
0.07997013510834018, 0.058784516671059925
0.07997710615646425, 0.05927610627267037
0.07998401528517964, 0.05776746289349565
0.07999099211702437, 0.05885507362807855
0.07999806203860395, 0.0585904554128532
0.08000507128834444, 0.058210247659567664
0.08001211912698063, 0.05816831743802331
0.08001921858601205, 0.058363993535966524
0.08002625428382328, 0.058911412126009685
0.0800333247271709, 0.05897977859593269
0.08004024915885664, 0.059475982577583124
0.08004723243572599, 0.05733952281497209
0.08005425645749555, 0.05863618413680969
0.08006130736697355, 0.058804104459707664
0.08006828281394666, 0.05903533849489763
0.08007516591476595, 0.05926588660660967
0.08008213246649215, 0.058488102437228844
0.08008910026634, 0.059859307510798376
0.08009594949404152, 0.05934427983544117
0.08010287068968094, 0.059010879647797415
0.0801098624890851, 0.059059097993501425
0.08011682258527905, 0.05994978160389917
0.0801237113127213, 0.06031705183277912
0.0801306912448514, 0.05975592837697375
0.0801376002162791, 0.05817768285868825
0.0801445828816398, 0.05838765118716918
0.08015159212027179, 0.05785901666495209
0.08015856922798736, 0.05823201501614791
0.08016565614683752, 0.05799945791043349
0.08017261463665801, 0.058262644160193604
0.0801795059901525, 0.058838741296072576
0.08018647972213366, 0.05832913891538528
0.08019348830437291, 0.05825758135671966
0.08020045654357826, 0.05858460539700822
0.0802075067093878, 0.05854517427575038
0.08021461827226459, 0.05948509637788425
0.08022170837116424, 0.05958621571483329
0.0802287286035162, 0.05935128365886979
0.08023563571585464, 0.06013348014835475
0.0802426714079201, 0.06138832630695127
0.0802496087854453, 0.06190981626678445
0.0802565577277723, 0.061933794214781464
0.08026345993869308, 0.06124689931860528
0.08027044860956728, 0.06054313623428394
0.08027741520877778, 0.06055013676899406
0.08028436069156826, 0.060196289211777644
0.08029130324878579, 0.06084379712964798
0.0802981736330123, 0.060317963708847525
0.08030507232395603, 0.06003984369521613
0.08031209232832594, 0.05998696717473663
0.08031906734282138, 0.06050489025993352
0.0803260226617886, 0.060132752949787566
0.08033294452752768, 0.05962620115119036
0.0803398321820548, 0.0593763917789107
0.08034668953477053, 0.05998978505649472
0.08035359753357536, 0.06043922495113415
0.08036052388034634, 0.06039587090925505
0.08036739645197839, 0.05993692429251148
0.08037432080581886, 0.060473246607546036
0.08038122864261317, 0.0610490048759801
0.08038817750738968, 0.05973011174012171
0.08039501941901633, 0.0602171228939733
0.08040183679654016, 0.05916202241265739
0.08040864868101172, 0.059879508959495543
0.08041546415572837, 0.059634438385236625
0.08042224061569361, 0.06070620839380334
0.08042903843048431, 0.060507817704228646
0.08043584538843308, 0.05999919883083812
0.08044272568925592, 0.06087271146291235
0.0804495342273395, 0.0613010367338083
0.0804564391845101, 0.06175128095172059
0.0804631050090831, 0.062107769778399706
0.08046990885559799, 0.061914714128927566
0.08047666364435582, 0.0614633796312163
0.0804835359957416, 0.05983189386313222
0.08049034406618034, 0.06094524567715377
0.08049709106274121, 0.0603553982987197
0.08050382407206864, 0.060933676407078134
0.08051070379064879, 0.06043637746629672
0.08051748266353709, 0.060468092230212614
0.08052430761859915, 0.06022403081588419
0.08053111549286124, 0.06101032931754484
0.08053804035955434, 0.06059672342074335
0.08054493979938328, 0.0604601495491741
0.08055188050589566, 0.059165351776950904
0.08055875013711987, 0.06010840537076822
0.0805656088104765, 0.06038358572117911
0.08057237178628275, 0.06070492838400116
0.0805792645400026, 0.0606021335254237
0.08058611514837709, 0.05905573373785133
0.08059297566307622, 0.05991149398038329
0.08059978930852585, 0.06050344563212537
0.08060668466685295, 0.06000296339999694
0.08061358100981314, 0.05968480923364754
0.0806205174888745, 0.05954956318477369
0.0806273386318533, 0.05905662637953675
0.08063424219044137, 0.05982008182827092
0.08064107196231621, 0.060277748856910986
0.08064796038782775, 0.0608251669795747
0.08065485587145589, 0.060454326370043235
0.08066172985169948, 0.061608718390464376
0.08066865761577607, 0.06082148758784416
0.08067552252796473, 0.06031851738559873
0.08068251487510415, 0.06146173385632585
0.08068940285187098, 0.0611916237914523
0.08069629961410604, 0.05983896961841024
0.08070312531263801, 0.06125026261831609
0.0807099769393217, 0.0612426793002083
0.0807168825724939, 0.06027601735313818
0.08072383548065594, 0.060778741842193666
0.08073069169008514, 0.05980106733591521
0.08073755945352659, 0.05985745059272761
0.0807443185301906, 0.05949983048150461
0.08075109656770804, 0.060104983367028096
0.08075788044665501, 0.06097598094838855
0.08076465966019304, 0.060735133042280266
0.08077153563309836, 0.06124773079234881
0.0807783206265754, 0.06145569970156708
0.08078508412734456, 0.06255551300872679
0.08079192359428482, 0.06138816997811662
0.08079874562387299, 0.06166389317587059
0.08080553553041002, 0.062156114480147955
0.08081225276025654, 0.06160447733681221
0.08081908921060543, 0.06130998045726619
0.08082585169381566, 0.06102904015948086
0.08083273456984694, 0.06174333057941551
0.08083950216347753, 0.06075228065296408
0.08084621292579852, 0.06039413718505561
0.08085294511842592, 0.060724742084776934
0.08085969874601615, 0.0615870778588639
0.08086643181030445, 0.06089437102752719
0.08087325551617429, 0.06046452811887017
0.08088007536428704, 0.06090409354084089
0.08088690147255027, 0.06175330784042955
0.08089365973258233, 0.06164163200469852
0.08090051657207108, 0.062254674338159045
0.08090731036927695, 0.06125595288010636
0.08091409262720722, 0.0620510620813614
0.08092081773733671, 0.06202733259140744
0.08092757894522908, 0.06350350208959214
0.08093454425567952, 0.06265930769213776
0.08094133107784407, 0.062442384716114414
0.0809481819484381, 0.06202352443333926
0.08095498328512395, 0.06334203287457092
0.08096196288331066, 0.061712698574090376
0.08096889145572961, 0.06170440681453451
0.0809757950666997, 0.061470471794024185
0.08098271302235259, 0.06057346623497182
0.08098957300861014, 0.061013824721556635
0.0809964387423325, 0.06141223332024868
0.08100326256832602, 0.06049967980795171
0.08101015703106708, 0.0615169848876023
0.08101690725511676, 0.06078431540579211
0.08102370809039428, 0.061387582319747794
0.08103050888845885, 0.060944450471907254
0.08103735381201257, 0.06052273440541102
0.08104414136341942, 0.061059669954394144
0.08105097615919363, 0.060472314444618036
0.08105788451332584, 0.061917262688155006
0.08106467414324511, 0.06084623636073274
0.08107156524468581, 0.06109221466786739
0.08107848211475992, 0.06135456785646827
0.08108533204089877, 0.060429677395030516
0.08109209501108171, 0.06102869654993851
0.0810989454082088, 0.06141003403506656
0.08110571020713565, 0.06200063066363
0.08111254266478389, 0.061399861287601894
0.08111935050326463, 0.0608544563270763
0.08112601257044029, 0.06086107853163666
0.08113272707829955, 0.061179843292263524
0.08113948663000327, 0.06257832709100686
0.08114616988153417, 0.06328126648205856
0.08115289967967043, 0.06323229176999728
0.08115965132400663, 0.0630571901826117
0.08116638727891892, 0.06224593094462065
0.08117313757393116, 0.06317069373789139
0.08117984527400984, 0.061808350777497016
0.08118653022317678, 0.061526183424304284
0.08119328071835605, 0.06153920718169356
0.08119995164221358, 0.06240683090526272
0.08120675389220697, 0.060716114333870794
0.08121354355067356, 0.06133110035510331
0.08122038075992714, 0.06097128492284735
0.08122720495548079, 0.0607044891411704
0.08123393256242196, 0.061164699201956316
0.08124073840086202, 0.06070619887240328
0.08124755144091413, 0.060733066090256915
0.08125435356684689, 0.061936761704367856
0.0812611665762337, 0.06123301744285594
0.08126794452439232, 0.060384312787023345
0.08127481120295296, 0.06203844845982683
0.0812816983838172, 0.061304797794904185
0.08128861055989853, 0.061963382985597976
0.08129551552181884, 0.06089204084646121
0.08130247277743943, 0.061863023012663464
0.08130942430602739, 0.060628037163443504
0.0813162437762733, 0.06049928296616071
0.08132315496321282, 0.06071713544149615
0.08133014872043577, 0.060001092344937675
0.08133721455010959, 0.05947073902770872
0.08134411329730587, 0.05970652832999427
0.08135103825369744, 0.05993169543815863
0.0813579785660432, 0.05819105871105978
0.08136487376749911, 0.05923984036283668
0.08137183851376294, 0.05900118454428552
0.08137871257984905, 0.05949751163685972
0.08138558217652712, 0.06080106773686625
0.08139237013923242, 0.061140812632387596
0.08139914588271423, 0.06037386923889829
0.08140593078312632, 0.06044575800423199
0.08141265950345299, 0.05992578692775197
0.08141950178071995, 0.06060548471251939
0.08142629021717737, 0.06005294515008074
0.08143301269979317, 0.06171551855876717
0.08143972905995575, 0.06078540165794441
0.08144655950454578, 0.05978841158713907
0.08145334685002643, 0.06195987048743821
0.08146011381314582, 0.06110852695715427
0.08146689983416655, 0.06040728934507408
0.081473703072988, 0.06120592840691472
0.08148044201606776, 0.0604589937957663
0.08148724016576767, 0.06013554508248085
0.0814940220159518, 0.05944279357830968
0.08150075089503236, 0.060067712064938335
0.08150745516946997, 0.05925439772688428
0.08151422742016033, 0.05994512503807351
0.08152095517535801, 0.06059561463316498
0.08152777724198865, 0.06032307577626828
0.08153456489334224, 0.06015675964928975
0.08154129445184417, 0.06064298643116342
0.08154810650774946, 0.0614388491551691
0.08155487785010516, 0.06146658686121573
0.08156158802702447, 0.06263875064655666
0.08156829101132301, 0.06203174886319278
0.08157512956277718, 0.06120087858041966
0.08158184264472074, 0.05999623287848887
0.08158854066524913, 0.05913539510120447
0.08159529717985974, 0.060347312696915935
0.08160198200853386, 0.06133907676503912
0.08160872418070744, 0.06042870445821383
0.08161545029925873, 0.06067549315330435
0.08162214870163052, 0.06058234423092148
0.08162874567453046, 0.061231123711324976
0.0816354461294434, 0.060083530861733014
0.08164204803439803, 0.06096898124027476
0.08164874406535383, 0.06246794692742244
0.08165535467965941, 0.06316500966617387
0.08166201148999483, 0.06343559715703581
0.08166880114872051, 0.06213437006389075
0.0816754455164405, 0.06403951652379945
0.08168219549094799, 0.06370156098746665
0.08168898953045045, 0.063550701781474
0.0816956994218449, 0.06331047985833767
0.08170239230929234, 0.06410237680985689
0.08170914136899506, 0.06128614100820435
0.08171585455340806, 0.06155178114381592
0.08172263041517508, 0.06262607216492831
0.08172938012905853, 0.06157591661217387
0.08173608161755369, 0.06131493882207571
0.08174275805888459, 0.061647579470336555
0.08174941117908062, 0.06200445387625691
0.08175615884369065, 0.06190660607368722
0.08176293745526693, 0.06185913007555575
0.08176965090645642, 0.06246265224449443
0.08177641637075107, 0.0628736007939209
0.08178316239669159, 0.0627056983693206
0.08179000089288943, 0.06343949331354777
0.08179677565727939, 0.06314261962375706
0.08180361623365663, 0.06498209039145625
0.08181037025674537, 0.06445922630629797
0.08181718837124029, 0.06258425901245303
0.08182395342007918, 0.06261750355116223
0.08183065879791321, 0.06290480708383278
0.08183739045789847, 0.06260613270215025
0.0818441660748961, 0.06295255950973076
0.0818509432267947, 0.06328230811949362
0.08185772079520584, 0.0640165889613126
0.08186443299675199, 0.06389024532780455
0.08187121570035938, 0.0636316739674595
0.08187800558198384, 0.0641876361910264
0.08188480821490922, 0.06259882431070454
0.08189160304436302, 0.06209073181139787
0.08189830545148163, 0.06415907999334663
0.0819050408981966, 0.06498750228667605
0.08191183985810789, 0.06349732145366688
0.08191846638961392, 0.06366163871765569
0.08192531323403214, 0.06255075089300488
0.08193205094670754, 0.06252253535191205
0.08193876049132065, 0.06493681778079392
0.08194549108047919, 0.06383307858668755
0.08195222096721633, 0.06318206492490265
0.0819589509389905, 0.06286532641128488
0.08196569849993147, 0.06245622131402092
0.08197250927467413, 0.06201363808940262
0.08197931558274353, 0.06293984210102857
0.08198617580154957, 0.064666943699084
0.08199298557965067, 0.06444091065557879
0.08199978453967628, 0.06450837141156775
0.08200655290866812, 0.06434031483642776
0.08201340762644749, 0.06509594461093998
0.08202020281828469, 0.06418196769681868
0.08202702498712104, 0.06411756059677368
0.08203388905984116, 0.06547925704971733
0.08204071970386462, 0.06632275288293626
0.08204754558255915, 0.06496317719526497
0.0820543899903094, 0.06327927839303954
